0, 1684944267044643, 1684944267044675, 32
1, 1684944267059387, 1684944267059410, 23
2, 1684944267072086, 1684944267072379, 293
3, 1684944267084756, 1684944267085032, 276
4, 1684944267097381, 1684944267098438, 1057
5, 1684944267108811, 1684944267111852, 3041
6, 1684944267120176, 1684944267120344, 168
7, 1684944267136711, 1684944267138670, 1959
8, 1684944267148071, 1684944267158420, 10349
9, 1684944267159229, 1684944267188156, 28927
10, 1684944267199292, 1684944267202672, 3380
11, 1684944267210703, 1684944267222170, 11467
12, 1684944267229913, 1684944267232409, 2496
13, 1684944267241287, 1684944267243393, 2106
14, 1684944267258188, 1684944267258530, 342
15, 1684944267273721, 1684944267273981, 260
16, 1684944267286873, 1684944267286890, 17
17, 1684944267300861, 1684944267300972, 111
18, 1684944267313311, 1684944267313421, 110
19, 1684944267326259, 1684944267326278, 19
20, 1684944267338846, 1684944267338955, 109
21, 1684944267351781, 1684944267351799, 18
22, 1684944267364359, 1684944267364376, 17
23, 1684944267376663, 1684944267376681, 18
24, 1684944267388968, 1684944267389075, 107
25, 1684944267401907, 1684944267401925, 18
26, 1684944267414483, 1684944267414594, 111
27, 1684944267427429, 1684944267427447, 18
28, 1684944267440010, 1684944267440119, 109
29, 1684944267452947, 1684944267453053, 106
30, 1684944267465925, 1684944267465944, 19
31, 1684944267478274, 1684944267478381, 107
32, 1684944267491216, 1684944267491234, 18
33, 1684944267503806, 1684944267503823, 17
34, 1684944267516110, 1684944267516128, 18
35, 1684944267528415, 1684944267528523, 108
36, 1684944267541367, 1684944267541475, 108
37, 1684944267554348, 1684944267554366, 18
38, 1684944267566695, 1684944267566802, 107
39, 1684944267579631, 1684944267579738, 107
40, 1684944267592606, 1684944267592623, 17
41, 1684944267604951, 1684944267604969, 18
42, 1684944267617256, 1684944267617364, 108
43, 1684944267630189, 1684944267630207, 18
44, 1684944267642771, 1684944267642879, 108
45, 1684944267655709, 1684944267655815, 106
46, 1684944267668677, 1684944267668696, 19
47, 1684944267681025, 1684944267681132, 107
48, 1684944267693960, 1684944267694067, 107
49, 1684944267706926, 1684944267706984, 58
50, 1684944267719371, 1684944267719387, 16
51, 1684944267731696, 1684944267731804, 108
52, 1684944267744674, 1684944267744781, 107
53, 1684944267757686, 1684944267757704, 18
54, 1684944267770085, 1684944267770195, 110
55, 1684944267802837, 1684944267802855, 18
56, 1684944267815459, 1684944267815566, 107
57, 1684944267828427, 1684944267828445, 18
58, 1684944267841037, 1684944267841142, 105
59, 1684944267854013, 1684944267854031, 18
60, 1684944267866622, 1684944267866729, 107
61, 1684944267879604, 1684944267879711, 107
62, 1684944267892615, 1684944267892721, 106
63, 1684944267905097, 1684944267905116, 19
64, 1684944267917426, 1684944267917532, 106
65, 1684944267930408, 1684944267930426, 18
66, 1684944267943016, 1684944267943124, 108
67, 1684944267956007, 1684944267956113, 106
68, 1684944267969016, 1684944267969118, 102
69, 1684944267981476, 1684944267981577, 101
70, 1684944267994408, 1684944267994426, 18
71, 1684944268006978, 1684944268007081, 103
72, 1684944268019921, 1684944268020022, 101
73, 1684944268032882, 1684944268032982, 100
74, 1684944268045328, 1684944268045427, 99
75, 1684944268058259, 1684944268058359, 100
76, 1684944268071229, 1684944268071338, 109
77, 1684944268083694, 1684944268083793, 99
78, 1684944268096615, 1684944268096714, 99
79, 1684944268109581, 1684944268109600, 19
80, 1684944268121930, 1684944268122032, 102
81, 1684944268134863, 1684944268134881, 18
82, 1684944268147411, 1684944268147511, 100
83, 1684944268160289, 1684944268160389, 100
84, 1684944268173215, 1684944268173234, 19
85, 1684944268185516, 1684944268185616, 100
86, 1684944268198399, 1684944268198415, 16
87, 1684944268210923, 1684944268211023, 100
88, 1684944268229115, 1684944268229214, 99
89, 1684944268242035, 1684944268242053, 18
90, 1684944268254329, 1684944268254430, 101
91, 1684944268267205, 1684944268267322, 117
92, 1684944268280139, 1684944268280238, 99
93, 1684944268292534, 1684944268292634, 100
94, 1684944268306467, 1684944268306485, 18
95, 1684944268320842, 1684944268320943, 101
96, 1684944268333278, 1684944268333390, 112
97, 1684944268346208, 1684944268346226, 18
98, 1684944268359139, 1684944268359242, 103
99, 1684944268391294, 1684944268391399, 105
100, 1684944268404206, 1684944268404308, 102
101, 1684944268417130, 1684944268417278, 148
102, 1684944268429599, 1684944268429617, 18
103, 1684944268442495, 1684944268442597, 102
104, 1684944268455416, 1684944268455518, 102
105, 1684944268467833, 1684944268467934, 101
106, 1684944268480719, 1684944268480817, 98
107, 1684944268493643, 1684944268493662, 19
108, 1684944268506057, 1684944268506158, 101
109, 1684944268518946, 1684944268519046, 100
110, 1684944268531867, 1684944268531968, 101
111, 1684944268544273, 1684944268544292, 19
112, 1684944268557167, 1684944268557184, 17
113, 1684944268570091, 1684944268570108, 17
114, 1684944268582497, 1684944268582597, 100
115, 1684944268595379, 1684944268595396, 17
116, 1684944268608300, 1684944268608400, 100
117, 1684944268620707, 1684944268620810, 103
118, 1684944268633597, 1684944268633615, 18
119, 1684944268646521, 1684944268646622, 101
120, 1684944268658929, 1684944268658947, 18
121, 1684944268671815, 1684944268671832, 17
122, 1684944268684733, 1684944268684750, 17
123, 1684944268697134, 1684944268697234, 100
124, 1684944268710021, 1684944268710120, 99
125, 1684944268722950, 1684944268722968, 18
126, 1684944268735353, 1684944268735370, 17
127, 1684944268748237, 1684944268748255, 18
128, 1684944268761159, 1684944268761259, 100
129, 1684944268773570, 1684944268773588, 18
130, 1684944268786453, 1684944268786470, 17
131, 1684944268799373, 1684944268799476, 103
132, 1684944268811783, 1684944268811883, 100
133, 1684944268824679, 1684944268824778, 99
134, 1684944268837602, 1684944268837620, 18
135, 1684944268850003, 1684944268850103, 100
136, 1684944268862891, 1684944268862909, 18
137, 1684944268875813, 1684944268875830, 17
138, 1684944268888217, 1684944268888318, 101
139, 1684944268901097, 1684944268901195, 98
140, 1684944268914014, 1684944268914032, 18
141, 1684944268926422, 1684944268926438, 16
142, 1684944268958882, 1684944268958985, 103
143, 1684944268971818, 1684944268971921, 103
144, 1684944268984220, 1684944268984327, 107
145, 1684944268998038, 1684944268998057, 19
146, 1684944269010947, 1684944269010964, 17
147, 1684944269023353, 1684944269023454, 101
148, 1684944269035611, 1684944269035710, 99
149, 1684944269047867, 1684944269047886, 19
150, 1684944269060755, 1684944269060855, 100
151, 1684944269073281, 1684944269073380, 99
152, 1684944269085537, 1684944269085587, 50
153, 1684944269098469, 1684944269098486, 17
154, 1684944269111388, 1684944269111405, 17
155, 1684944269123791, 1684944269123891, 100
156, 1684944269136041, 1684944269136142, 101
157, 1684944269148303, 1684944269148322, 19
158, 1684944269161188, 1684944269161206, 18
159, 1684944269174110, 1684944269174209, 99
160, 1684944269186409, 1684944269186509, 100
161, 1684944269198664, 1684944269198762, 98
162, 1684944269210915, 1684944269210933, 18
163, 1684944269223803, 1684944269223902, 99
164, 1684944269236321, 1684944269236339, 18
165, 1684944269249211, 1684944269249228, 17
166, 1684944269262127, 1684944269262144, 17
167, 1684944269274531, 1684944269274548, 17
168, 1684944269287412, 1684944269287512, 100
169, 1684944269299931, 1684944269299949, 18
170, 1684944269312818, 1684944269312918, 100
171, 1684944269325334, 1684944269325352, 18
172, 1684944269338221, 1684944269338321, 100
173, 1684944269350750, 1684944269350848, 98
174, 1684944269363002, 1684944269363101, 99
175, 1684944269391732, 1684944269391832, 100
176, 1684944269403993, 1684944269404095, 102
177, 1684944269416242, 1684944269416261, 19
178, 1684944269429132, 1684944269429149, 17
179, 1684944269442055, 1684944269442156, 101
180, 1684944269454355, 1684944269454454, 99
181, 1684944269466605, 1684944269466674, 69
182, 1684944269480018, 1684944269480085, 67
183, 1684944269492667, 1684944269492733, 66
184, 1684944269505682, 1684944269505748, 66
185, 1684944269518182, 1684944269518249, 67
186, 1684944269531579, 1684944269531645, 66
187, 1684944269545408, 1684944269545475, 67
188, 1684944269559406, 1684944269559478, 72
189, 1684944269591366, 1684944269591438, 72
190, 1684944269603715, 1684944269603781, 66
191, 1684944269616053, 1684944269616121, 68
192, 1684944269628389, 1684944269628454, 65
193, 1684944269640725, 1684944269640791, 66
194, 1684944269653054, 1684944269653120, 66
195, 1684944269665397, 1684944269665465, 68
196, 1684944269677733, 1684944269677801, 68
197, 1684944269690073, 1684944269690139, 66
198, 1684944269702406, 1684944269702471, 65
199, 1684944269714742, 1684944269714807, 65
