0, 1684947851929024, 1684947851929024
1, 1684947851953006, 23982
2, 1684947851969003, 15997
3, 1684947851985003, 16000
4, 1684947852001003, 16000
5, 1684947852017003, 16000
6, 1684947852033002, 15999
7, 1684947852049003, 16001
8, 1684947852065005, 16002
9, 1684947852081002, 15997
10, 1684947852097002, 16000
11, 1684947852113003, 16001
12, 1684947852129002, 15999
13, 1684947852145002, 16000
14, 1684947852161003, 16001
15, 1684947852177002, 15999
16, 1684947852193002, 16000
17, 1684947852209004, 16002
18, 1684947852225002, 15998
19, 1684947852241002, 16000
20, 1684947852253010, 12008
21, 1684947852269005, 15995
22, 1684947852285003, 15998
23, 1684947852301002, 15999
24, 1684947852317004, 16002
25, 1684947852337003, 19999
26, 1684947852353002, 15999
27, 1684947852369002, 16000
28, 1684947852389004, 20002
29, 1684947852405002, 15998
30, 1684947852421002, 16000
31, 1684947852437002, 16000
32, 1684947852453003, 16001
33, 1684947852469020, 16017
34, 1684947852485002, 15982
35, 1684947852501002, 16000
36, 1684947852517002, 16000
37, 1684947852533004, 16002
38, 1684947852549002, 15998
39, 1684947852565002, 16000
40, 1684947852581004, 16002
41, 1684947852597005, 16001
42, 1684947852613002, 15997
43, 1684947852625009, 12007
44, 1684947852637008, 11999
45, 1684947852649008, 12000
46, 1684947852661008, 12000
47, 1684947852677003, 15995
48, 1684947852689057, 12054
49, 1684947852701009, 11952
50, 1684947852717002, 15993
51, 1684947852733003, 16001
52, 1684947852749002, 15999
53, 1684947852765002, 16000
54, 1684947852776476, 11474
55, 1684947852793002, 16526
56, 1684947852809002, 16000
57, 1684947852825002, 16000
58, 1684947852837010, 12008
59, 1684947852853002, 15992
60, 1684947852869002, 16000
61, 1684947852885002, 16000
62, 1684947852901002, 16000
63, 1684947852917002, 16000
64, 1684947852933002, 16000
65, 1684947852944475, 11473
66, 1684947852961002, 16527
67, 1684947852977002, 16000
68, 1684947852997003, 20001
69, 1684947853013004, 16001
70, 1684947853029002, 15998
71, 1684947853045004, 16002
72, 1684947853061002, 15998
73, 1684947853077004, 16002
74, 1684947853093004, 16000
75, 1684947853109002, 15998
76, 1684947853121012, 12010
77, 1684947853137003, 15991
78, 1684947853153002, 15999
79, 1684947853165008, 12006
80, 1684947853181003, 15995
81, 1684947853197004, 16001
82, 1684947853213002, 15998
83, 1684947853229003, 16001
84, 1684947853245002, 15999
85, 1684947853261003, 16001
86, 1684947853277002, 15999
87, 1684947853293002, 16000
88, 1684947853309002, 16000
89, 1684947853325002, 16000
90, 1684947853336479, 11477
91, 1684947853347957, 11478
92, 1684947853359434, 11477
93, 1684947853377002, 17568
94, 1684947853393054, 16052
95, 1684947853409002, 15948
96, 1684947853420485, 11483
97, 1684947853437002, 16517
98, 1684947853449778, 12776
99, 1684947853469004, 19226
100, 1684947853485002, 15998
101, 1684947853501004, 16002
102, 1684947853517002, 15998
103, 1684947853533004, 16002
104, 1684947853549002, 15998
105, 1684947853565002, 16000
106, 1684947853581004, 16002
107, 1684947853597002, 15998
108, 1684947853613003, 16001
109, 1684947853629003, 16000
110, 1684947853645003, 16000
111, 1684947853661002, 15999
112, 1684947853677002, 16000
113, 1684947853693002, 16000
114, 1684947853705008, 12006
115, 1684947853717006, 11998
116, 1684947853733004, 15998
117, 1684947853749019, 16015
118, 1684947853765004, 15985
119, 1684947853781002, 15998
120, 1684947853797002, 16000
121, 1684947853809009, 12007
122, 1684947853825002, 15993
123, 1684947853845003, 20001
124, 1684947853861002, 15999
125, 1684947853877003, 16001
126, 1684947853893002, 15999
127, 1684947853909002, 16000
128, 1684947853925004, 16002
129, 1684947853941004, 16000
130, 1684947853957002, 15998
131, 1684947853968834, 11832
132, 1684947853985004, 16170
133, 1684947853997007, 12003
134, 1684947854013002, 15995
135, 1684947854029003, 16001
136, 1684947854045002, 15999
137, 1684947854056829, 11827
138, 1684947854073002, 16173
139, 1684947854089004, 16002
140, 1684947854100833, 11829
141, 1684947854117002, 16169
142, 1684947854128832, 11830
143, 1684947854145002, 16170
144, 1684947854161005, 16003
145, 1684947854181004, 19999
146, 1684947854197004, 16000
147, 1684947854213004, 16000
148, 1684947854229002, 15998
149, 1684947854241012, 12010
150, 1684947854257004, 15992
151, 1684947854273002, 15998
152, 1684947854289002, 16000
153, 1684947854305003, 16001
154, 1684947854321002, 15999
155, 1684947854333010, 12008
156, 1684947854349002, 15992
157, 1684947854365002, 16000
158, 1684947854381002, 16000
159, 1684947854397004, 16002
160, 1684947854413002, 15998
161, 1684947854429002, 16000
162, 1684947854440518, 11516
163, 1684947854453008, 12490
164, 1684947854469002, 15994
165, 1684947854481008, 12006
166, 1684947854497002, 15994
167, 1684947854513002, 16000
168, 1684947854529005, 16003
169, 1684947854540504, 11499
170, 1684947854557002, 16498
171, 1684947854568502, 11500
172, 1684947854585004, 16502
173, 1684947854601002, 15998
174, 1684947854621003, 20001
175, 1684947854641042, 20039
176, 1684947854657003, 15961
177, 1684947854673002, 15999
178, 1684947854689002, 16000
179, 1684947854705002, 16000
180, 1684947854717009, 12007
181, 1684947854733002, 15993
182, 1684947854749003, 16001
183, 1684947854765002, 15999
184, 1684947854781002, 16000
185, 1684947854797002, 16000
186, 1684947854808502, 11500
187, 1684947854825002, 16500
188, 1684947854841002, 16000
189, 1684947854857002, 16000
190, 1684947854873002, 16000
191, 1684947854889005, 16003
192, 1684947854905005, 16000
193, 1684947854925002, 19997
194, 1684947854941002, 16000
195, 1684947854957002, 16000
196, 1684947854973002, 16000
197, 1684947854984478, 11476
198, 1684947855001002, 16524
199, 1684947855012479, 11477
