0, 1684948331198091, 1684948331198112, 21
1, 1684948331211246, 1684948331220357, 9111
2, 1684948331222458, 1684948331230547, 8089
3, 1684948331244558, 1684948331245672, 1114
4, 1684948331261952, 1684948331262740, 788
5, 1684948331282077, 1684948331282180, 103
6, 1684948331309964, 1684948331310066, 102
7, 1684948331329966, 1684948331329972, 6
8, 1684948331342910, 1684948331343112, 202
9, 1684948331365966, 1684948331366175, 209
10, 1684948331379525, 1684948331379665, 140
11, 1684948331397950, 1684948331403771, 5821
12, 1684948331425968, 1684948331426158, 190
13, 1684948331449968, 1684948331450154, 186
14, 1684948331469968, 1684948331469969, 1
15, 1684948331482950, 1684948331483152, 202
16, 1684948331505959, 1684948331505968, 9
17, 1684948331525967, 1684948331525972, 5
18, 1684948331538976, 1684948331539125, 149
19, 1684948331561965, 1684948331561967, 2
20, 1684948331575929, 1684948331575931, 2
21, 1684948331588303, 1684948331591508, 3205
22, 1684948331599745, 1684948331609960, 10215
23, 1684948331611844, 1684948331630018, 18174
24, 1684948331636096, 1684948331640153, 4057
25, 1684948331652547, 1684948331654151, 1604
26, 1684948331664810, 1684948331678127, 13317
27, 1684948331677205, 1684948331683439, 6234
28, 1684948331688678, 1684948331704993, 16315
29, 1684948331704697, 1684948331725957, 21260
30, 1684948331725960, 1684948331738374, 12414
31, 1684948331739430, 1684948331744058, 4628
32, 1684948331750405, 1684948331762323, 11918
33, 1684948331777639, 1684948331778447, 808
34, 1684948331789590, 1684948331809973, 20383
35, 1684948331809959, 1684948331821973, 12014
36, 1684948331822326, 1684948331828319, 5993
37, 1684948331835080, 1684948331838711, 3631
38, 1684948331857967, 1684948331873872, 15905
39, 1684948331885082, 1684948331896564, 11482
40, 1684948331896499, 1684948331908350, 11851
41, 1684948331925965, 1684948331926096, 131
42, 1684948331938439, 1684948331938493, 54
43, 1684948331951220, 1684948331951341, 121
44, 1684948331963958, 1684948331964084, 126
45, 1684948331976882, 1684948331978446, 1564
46, 1684948331988080, 1684948331990159, 2079
47, 1684948331999464, 1684948331999709, 245
48, 1684948332015984, 1684948332016046, 62
49, 1684948332028967, 1684948332037950, 8983
50, 1684948332041954, 1684948332050322, 8368
51, 1684948332068150, 1684948332068279, 129
52, 1684948332089325, 1684948332091147, 1822
53, 1684948332101704, 1684948332113947, 12243
54, 1684948332116084, 1684948332119086, 3002
55, 1684948332127934, 1684948332129929, 1995
56, 1684948332139319, 1684948332140128, 809
57, 1684948332151652, 1684948332154241, 2589
58, 1684948332162814, 1684948332162864, 50
59, 1684948332175014, 1684948332185950, 10936
60, 1684948332186237, 1684948332192347, 6110
61, 1684948332203608, 1684948332203661, 53
62, 1684948332230179, 1684948332237950, 7771
63, 1684948332241539, 1684948332243930, 2391
64, 1684948332256283, 1684948332256329, 46
65, 1684948332289974, 1684948332290254, 280
66, 1684948332306468, 1684948332306735, 267
67, 1684948332319086, 1684948332322824, 3738
68, 1684948332330268, 1684948332343105, 12837
69, 1684948332350212, 1684948332359357, 9145
70, 1684948332361566, 1684948332373273, 11707
71, 1684948332375735, 1684948332389677, 13942
72, 1684948332396082, 1684948332405706, 9624
73, 1684948332407977, 1684948332423728, 15751
74, 1684948332419038, 1684948332432810, 13772
75, 1684948332437951, 1684948332443375, 5424
76, 1684948332449921, 1684948332475427, 25506
77, 1684948332505949, 1684948332505950, 1
78, 1684948332529966, 1684948332530057, 91
79, 1684948332553967, 1684948332554056, 89
80, 1684948332665955, 1684948332666046, 91
81, 1684948332681954, 1684948332697981, 16027
82, 1684948332698100, 1684948332704385, 6285
83, 1684948332715157, 1684948332717405, 2248
84, 1684948332728725, 1684948332731889, 3164
85, 1684948332740961, 1684948332743122, 2161
86, 1684948332752962, 1684948332753348, 386
87, 1684948332777970, 1684948332778061, 91
88, 1684948332793950, 1684948332813973, 20023
89, 1684948332813959, 1684948332820967, 7008
90, 1684948332837950, 1684948332838035, 85
91, 1684948332851257, 1684948332853780, 2523
92, 1684948332862690, 1684948332866892, 4202
93, 1684948332879715, 1684948332879721, 6
94, 1684948332892595, 1684948332896279, 3684
95, 1684948332903758, 1684948332911047, 7289
96, 1684948332957949, 1684948332960105, 2156
97, 1684948332970779, 1684948332976730, 5951
98, 1684948332985952, 1684948332990016, 4064
99, 1684948332997300, 1684948333004363, 7063
100, 1684948333015984, 1684948333015990, 6
101, 1684948333033952, 1684948333035257, 1305
102, 1684948333069972, 1684948333070148, 176
103, 1684948333085086, 1684948333085174, 88
104, 1684948333101068, 1684948333101233, 165
105, 1684948333117501, 1684948333117674, 173
106, 1684948333130535, 1684948333134113, 3578
107, 1684948333141890, 1684948333151771, 9881
108, 1684948333153802, 1684948333159125, 5323
109, 1684948333164859, 1684948333171865, 7006
110, 1684948333184333, 1684948333188840, 4507
111, 1684948333196402, 1684948333202180, 5778
112, 1684948333221961, 1684948333222045, 84
113, 1684948333245950, 1684948333245951, 1
114, 1684948333261955, 1684948333264660, 2705
115, 1684948333274763, 1684948333298804, 24041
116, 1684948333309881, 1684948333309967, 86
117, 1684948333322471, 1684948333322952, 481
118, 1684948333335229, 1684948333337778, 2549
119, 1684948333346623, 1684948333351497, 4874
120, 1684948333358058, 1684948333368997, 10939
121, 1684948333369066, 1684948333385173, 16107
122, 1684948333386813, 1684948333392456, 5643
123, 1684948333398780, 1684948333409952, 11172
124, 1684948333410924, 1684948333417208, 6284
125, 1684948333423244, 1684948333441227, 17983
126, 1684948333440982, 1684948333461952, 20970
127, 1684948333466451, 1684948333478156, 11705
128, 1684948333478332, 1684948333485202, 6870
129, 1684948333501961, 1684948333502142, 181
130, 1684948333514776, 1684948333517476, 2700
131, 1684948333527111, 1684948333537959, 10848
132, 1684948333538512, 1684948333543837, 5325
133, 1684948333561959, 1684948333562113, 154
134, 1684948333574677, 1684948333581509, 6832
135, 1684948333593958, 1684948333600071, 6113
136, 1684948333613503, 1684948333613589, 86
137, 1684948333629119, 1684948333629210, 91
138, 1684948333650055, 1684948333650056, 1
139, 1684948333662922, 1684948333666616, 3694
140, 1684948333674317, 1684948333679194, 4877
141, 1684948333685751, 1684948333709965, 24214
142, 1684948333709963, 1684948333716966, 7003
143, 1684948333723154, 1684948333734221, 11067
144, 1684948333734546, 1684948333755694, 21148
145, 1684948333758644, 1684948333777977, 19333
146, 1684948333777963, 1684948333785132, 7169
147, 1684948333793952, 1684948333797811, 3859
148, 1684948333806150, 1684948333807002, 852
149, 1684948333817973, 1684948333818060, 87
150, 1684948333837963, 1684948333837987, 24
151, 1684948333857972, 1684948333858066, 94
152, 1684948333871168, 1684948333871381, 213
153, 1684948333884432, 1684948333890830, 6398
154, 1684948333895921, 1684948333921977, 26056
155, 1684948333927627, 1684948333933882, 6255
156, 1684948333940037, 1684948333954024, 13987
157, 1684948333954180, 1684948333974069, 19889
158, 1684948333974170, 1684948333989537, 15367
159, 1684948333992434, 1684948333998636, 6202
160, 1684948334003466, 1684948334009153, 5687
161, 1684948334015374, 1684948334026364, 10990
162, 1684948334032080, 1684948334037311, 5231
163, 1684948334060120, 1684948334064150, 4030
164, 1684948334071298, 1684948334076851, 5553
165, 1684948334082776, 1684948334092224, 9448
166, 1684948334103311, 1684948334109049, 5738
167, 1684948334114488, 1684948334129447, 14959
168, 1684948334132078, 1684948334158749, 26671
169, 1684948334143053, 1684948334174116, 31063
170, 1684948334160800, 1684948334184820, 24020
171, 1684948334171804, 1684948334199179, 27375
172, 1684948334185280, 1684948334206345, 21065
173, 1684948334209833, 1684948334214630, 4797
174, 1684948334222441, 1684948334224118, 1677
175, 1684948334235952, 1684948334236071, 119
176, 1684948334248146, 1684948334258161, 10015
177, 1684948334264071, 1684948334265408, 1337
178, 1684948334275991, 1684948334276960, 969
179, 1684948334287887, 1684948334297761, 9874
180, 1684948334309501, 1684948334310142, 641
181, 1684948334322277, 1684948334328767, 6490
182, 1684948334334207, 1684948334340221, 6014
183, 1684948334350216, 1684948334351019, 803
184, 1684948334369965, 1684948334370121, 156
185, 1684948334389967, 1684948334390090, 123
186, 1684948334403113, 1684948334403167, 54
187, 1684948334417011, 1684948334418287, 1276
188, 1684948334428483, 1684948334434859, 6376
189, 1684948334439944, 1684948334457506, 17562
190, 1684948334464077, 1684948334477596, 13519
191, 1684948334475500, 1684948334506033, 30533
192, 1684948334486685, 1684948334516164, 29479
193, 1684948334533963, 1684948334534178, 215
194, 1684948334547090, 1684948334547212, 122
195, 1684948334559706, 1684948334567034, 7328
196, 1684948334577967, 1684948334579841, 1874
197, 1684948334597970, 1684948334597975, 5
198, 1684948334610918, 1684948334610920, 2
199, 1684948334625952, 1684948334641952, 16000
