0, 1684948331198091, 1684948331200984, 2893
1, 1684948331211246, 1684948331220115, 8869
2, 1684948331222458, 1684948331226336, 3878
3, 1684948331244558, 1684948331254059, 9501
4, 1684948331261952, 1684948331263547, 1595
5, 1684948331282077, 1684948331282265, 188
6, 1684948331309964, 1684948331309970, 6
7, 1684948331329966, 1684948331330066, 100
8, 1684948331342910, 1684948331342912, 2
9, 1684948331365966, 1684948331365967, 1
10, 1684948331379525, 1684948331379531, 6
11, 1684948331397950, 1684948331402037, 4087
12, 1684948331425968, 1684948331425970, 2
13, 1684948331449968, 1684948331449973, 5
14, 1684948331469968, 1684948331470062, 94
15, 1684948331482950, 1684948331482952, 2
16, 1684948331505959, 1684948331506172, 213
17, 1684948331525967, 1684948331526066, 99
18, 1684948331538976, 1684948331538977, 1
19, 1684948331561965, 1684948331562173, 208
20, 1684948331575929, 1684948331576065, 136
21, 1684948331588303, 1684948331599878, 11575
22, 1684948331599745, 1684948331606038, 6293
23, 1684948331611844, 1684948331615634, 3790
24, 1684948331636096, 1684948331639970, 3874
25, 1684948331652547, 1684948331664938, 12391
26, 1684948331664810, 1684948331671196, 6386
27, 1684948331677205, 1684948331677206, 1
28, 1684948331688678, 1684948331707353, 18675
29, 1684948331704697, 1684948331726169, 21472
30, 1684948331725960, 1684948331733385, 7425
31, 1684948331739430, 1684948331747612, 8182
32, 1684948331750405, 1684948331767272, 16867
33, 1684948331777639, 1684948331782702, 5063
34, 1684948331789590, 1684948331789591, 1
35, 1684948331809959, 1684948331811521, 1562
36, 1684948331822326, 1684948331823817, 1491
37, 1684948331835080, 1684948331835638, 558
38, 1684948331857967, 1684948331857968, 1
39, 1684948331885082, 1684948331885083, 1
40, 1684948331896499, 1684948331903334, 6835
41, 1684948331925965, 1684948331925970, 5
42, 1684948331938439, 1684948331951227, 12788
43, 1684948331951220, 1684948331963955, 12735
44, 1684948331963958, 1684948331971027, 7069
45, 1684948331976882, 1684948331976883, 1
46, 1684948331988080, 1684948331990512, 2432
47, 1684948331999464, 1684948331999931, 467
48, 1684948332015984, 1684948332016239, 255
49, 1684948332028967, 1684948332033214, 4247
50, 1684948332041954, 1684948332049703, 7749
51, 1684948332068150, 1684948332068406, 256
52, 1684948332089325, 1684948332089451, 126
53, 1684948332101704, 1684948332101705, 1
54, 1684948332116084, 1684948332116085, 1
55, 1684948332127934, 1684948332130343, 2409
56, 1684948332139319, 1684948332139699, 380
57, 1684948332151652, 1684948332164944, 13292
58, 1684948332162814, 1684948332186129, 23315
59, 1684948332175014, 1684948332197182, 22168
60, 1684948332186237, 1684948332224125, 37888
61, 1684948332203608, 1684948332233797, 30189
62, 1684948332230179, 1684948332243874, 13695
63, 1684948332241539, 1684948332254834, 13295
64, 1684948332256283, 1684948332274013, 17730
65, 1684948332289974, 1684948332290179, 205
66, 1684948332306468, 1684948332306602, 134
67, 1684948332319086, 1684948332322606, 3520
68, 1684948332330268, 1684948332335515, 5247
69, 1684948332350212, 1684948332359160, 8948
70, 1684948332361566, 1684948332373140, 11574
71, 1684948332375735, 1684948332381109, 5374
72, 1684948332396082, 1684948332396084, 2
73, 1684948332407977, 1684948332412859, 4882
74, 1684948332419038, 1684948332424043, 5005
75, 1684948332437951, 1684948332438058, 107
76, 1684948332449921, 1684948332450304, 383
77, 1684948332505949, 1684948332508602, 2653
78, 1684948332529966, 1684948332530030, 64
79, 1684948332553967, 1684948332554128, 161
80, 1684948332665955, 1684948332666158, 203
81, 1684948332681954, 1684948332697978, 16024
82, 1684948332698100, 1684948332704078, 5978
83, 1684948332715157, 1684948332715319, 162
84, 1684948332728725, 1684948332728859, 134
85, 1684948332740961, 1684948332741093, 132
86, 1684948332752962, 1684948332753090, 128
87, 1684948332777970, 1684948332778033, 63
88, 1684948332793950, 1684948332794120, 170
89, 1684948332813959, 1684948332814088, 129
90, 1684948332837950, 1684948332840738, 2788
91, 1684948332851257, 1684948332854203, 2946
92, 1684948332862690, 1684948332869212, 6522
93, 1684948332879715, 1684948332879846, 131
94, 1684948332892595, 1684948332894269, 1674
95, 1684948332903758, 1684948332904655, 897
96, 1684948332957949, 1684948332969950, 12001
97, 1684948332970779, 1684948332990195, 19416
98, 1684948332985952, 1684948333004068, 18116
99, 1684948332997300, 1684948333009442, 12142
100, 1684948333015984, 1684948333021313, 5329
101, 1684948333033952, 1684948333035467, 1515
102, 1684948333069972, 1684948333070070, 98
103, 1684948333085086, 1684948333085251, 165
104, 1684948333101068, 1684948333101070, 2
105, 1684948333117501, 1684948333117503, 2
106, 1684948333130535, 1684948333133935, 3400
107, 1684948333141890, 1684948333141891, 1
108, 1684948333153802, 1684948333172419, 18617
109, 1684948333164859, 1684948333177335, 12476
110, 1684948333184333, 1684948333188675, 4342
111, 1684948333196402, 1684948333201531, 5129
112, 1684948333221961, 1684948333222087, 126
113, 1684948333245950, 1684948333262087, 16137
114, 1684948333261955, 1684948333268418, 6463
115, 1684948333274763, 1684948333299001, 24238
116, 1684948333309881, 1684948333310145, 264
117, 1684948333322471, 1684948333323065, 594
118, 1684948333335229, 1684948333337599, 2370
119, 1684948333346623, 1684948333368630, 22007
120, 1684948333358058, 1684948333380583, 22525
121, 1684948333369066, 1684948333398130, 29064
122, 1684948333386813, 1684948333412130, 25317
123, 1684948333398780, 1684948333429029, 30249
124, 1684948333410924, 1684948333434693, 23769
125, 1684948333423244, 1684948333439553, 16309
126, 1684948333440982, 1684948333455358, 14376
127, 1684948333466451, 1684948333478388, 11937
128, 1684948333478332, 1684948333484958, 6626
129, 1684948333501961, 1684948333502126, 165
130, 1684948333514776, 1684948333515050, 274
131, 1684948333527111, 1684948333529886, 2775
132, 1684948333538512, 1684948333542416, 3904
133, 1684948333561959, 1684948333562266, 307
134, 1684948333574677, 1684948333574730, 53
135, 1684948333593958, 1684948333594057, 99
136, 1684948333613503, 1684948333613681, 178
137, 1684948333629119, 1684948333629289, 170
138, 1684948333650055, 1684948333650143, 88
139, 1684948333662922, 1684948333665792, 2870
140, 1684948333674317, 1684948333681128, 6811
141, 1684948333685751, 1684948333710057, 24306
142, 1684948333709963, 1684948333725848, 15885
143, 1684948333723154, 1684948333731531, 8377
144, 1684948333734546, 1684948333746954, 12408
145, 1684948333758644, 1684948333758776, 132
146, 1684948333777963, 1684948333778093, 130
147, 1684948333793952, 1684948333794089, 137
148, 1684948333806150, 1684948333817976, 11826
149, 1684948333817973, 1684948333824677, 6704
150, 1684948333837963, 1684948333837976, 13
151, 1684948333857972, 1684948333857977, 5
152, 1684948333871168, 1684948333871487, 319
153, 1684948333884432, 1684948333890559, 6127
154, 1684948333895921, 1684948333916323, 20402
155, 1684948333927627, 1684948333927628, 1
156, 1684948333940037, 1684948333940039, 2
157, 1684948333954180, 1684948333973962, 19782
158, 1684948333974170, 1684948333981811, 7641
159, 1684948333992434, 1684948333996937, 4503
160, 1684948334003466, 1684948334017963, 14497
161, 1684948334015374, 1684948334031458, 16084
162, 1684948334032080, 1684948334053542, 21462
163, 1684948334060120, 1684948334078108, 17988
164, 1684948334071298, 1684948334097108, 25810
165, 1684948334082776, 1684948334110671, 27895
166, 1684948334103311, 1684948334125995, 22684
167, 1684948334114488, 1684948334145443, 30955
168, 1684948334132078, 1684948334161745, 29667
169, 1684948334143053, 1684948334175083, 32030
170, 1684948334160800, 1684948334198820, 38020
171, 1684948334171804, 1684948334205391, 33587
172, 1684948334185280, 1684948334217600, 32320
173, 1684948334209833, 1684948334229259, 19426
174, 1684948334222441, 1684948334239880, 17439
175, 1684948334235952, 1684948334258173, 22221
176, 1684948334248146, 1684948334269171, 21025
177, 1684948334264071, 1684948334282697, 18626
178, 1684948334275991, 1684948334292586, 16595
179, 1684948334287887, 1684948334309910, 22023
180, 1684948334309501, 1684948334315927, 6426
181, 1684948334322277, 1684948334327289, 5012
182, 1684948334334207, 1684948334339567, 5360
183, 1684948334350216, 1684948334350810, 594
184, 1684948334369965, 1684948334370308, 343
185, 1684948334389967, 1684948334390059, 92
186, 1684948334403113, 1684948334403115, 2
187, 1684948334417011, 1684948334418045, 1034
188, 1684948334428483, 1684948334429388, 905
189, 1684948334439944, 1684948334439946, 2
190, 1684948334464077, 1684948334465762, 1685
191, 1684948334475500, 1684948334485954, 10454
192, 1684948334486685, 1684948334511121, 24436
193, 1684948334533963, 1684948334534022, 59
194, 1684948334547090, 1684948334547146, 56
195, 1684948334559706, 1684948334559764, 58
196, 1684948334577967, 1684948334578022, 55
197, 1684948334597970, 1684948334598025, 55
198, 1684948334610918, 1684948334610973, 55
199, 1684948334625952, 1684948334626885, 933
