0, 1684948331198091, 1684948331198091
1, 1684948331211246, 13155
2, 1684948331222458, 11212
3, 1684948331244558, 22100
4, 1684948331261952, 17394
5, 1684948331282077, 20125
6, 1684948331309964, 27887
7, 1684948331329966, 20002
8, 1684948331342910, 12944
9, 1684948331365966, 23056
10, 1684948331379525, 13559
11, 1684948331397950, 18425
12, 1684948331425968, 28018
13, 1684948331449968, 24000
14, 1684948331469968, 20000
15, 1684948331482950, 12982
16, 1684948331505959, 23009
17, 1684948331525967, 20008
18, 1684948331538976, 13009
19, 1684948331561965, 22989
20, 1684948331575929, 13964
21, 1684948331588303, 12374
22, 1684948331599745, 11442
23, 1684948331611844, 12099
24, 1684948331636096, 24252
25, 1684948331652547, 16451
26, 1684948331664810, 12263
27, 1684948331677205, 12395
28, 1684948331688678, 11473
29, 1684948331704697, 16019
30, 1684948331725960, 21263
31, 1684948331739430, 13470
32, 1684948331750405, 10975
33, 1684948331777639, 27234
34, 1684948331789590, 11951
35, 1684948331809959, 20369
36, 1684948331822326, 12367
37, 1684948331835080, 12754
38, 1684948331857967, 22887
39, 1684948331885082, 27115
40, 1684948331896499, 11417
41, 1684948331925965, 29466
42, 1684948331938439, 12474
43, 1684948331951220, 12781
44, 1684948331963958, 12738
45, 1684948331976882, 12924
46, 1684948331988080, 11198
47, 1684948331999464, 11384
48, 1684948332015984, 16520
49, 1684948332028967, 12983
50, 1684948332041954, 12987
51, 1684948332068150, 26196
52, 1684948332089325, 21175
53, 1684948332101704, 12379
54, 1684948332116084, 14380
55, 1684948332127934, 11850
56, 1684948332139319, 11385
57, 1684948332151652, 12333
58, 1684948332162814, 11162
59, 1684948332175014, 12200
60, 1684948332186237, 11223
61, 1684948332203608, 17371
62, 1684948332230179, 26571
63, 1684948332241539, 11360
64, 1684948332256283, 14744
65, 1684948332289974, 33691
66, 1684948332306468, 16494
67, 1684948332319086, 12618
68, 1684948332330268, 11182
69, 1684948332350212, 19944
70, 1684948332361566, 11354
71, 1684948332375735, 14169
72, 1684948332396082, 20347
73, 1684948332407977, 11895
74, 1684948332419038, 11061
75, 1684948332437951, 18913
76, 1684948332449921, 11970
77, 1684948332505949, 56028
78, 1684948332529966, 24017
79, 1684948332553967, 24001
80, 1684948332665955, 111988
81, 1684948332681954, 15999
82, 1684948332698100, 16146
83, 1684948332715157, 17057
84, 1684948332728725, 13568
85, 1684948332740961, 12236
86, 1684948332752962, 12001
87, 1684948332777970, 25008
88, 1684948332793950, 15980
89, 1684948332813959, 20009
90, 1684948332837950, 23991
91, 1684948332851257, 13307
92, 1684948332862690, 11433
93, 1684948332879715, 17025
94, 1684948332892595, 12880
95, 1684948332903758, 11163
96, 1684948332957949, 54191
97, 1684948332970779, 12830
98, 1684948332985952, 15173
99, 1684948332997300, 11348
100, 1684948333015984, 18684
101, 1684948333033952, 17968
102, 1684948333069972, 36020
103, 1684948333085086, 15114
104, 1684948333101068, 15982
105, 1684948333117501, 16433
106, 1684948333130535, 13034
107, 1684948333141890, 11355
108, 1684948333153802, 11912
109, 1684948333164859, 11057
110, 1684948333184333, 19474
111, 1684948333196402, 12069
112, 1684948333221961, 25559
113, 1684948333245950, 23989
114, 1684948333261955, 16005
115, 1684948333274763, 12808
116, 1684948333309881, 35118
117, 1684948333322471, 12590
118, 1684948333335229, 12758
119, 1684948333346623, 11394
120, 1684948333358058, 11435
121, 1684948333369066, 11008
122, 1684948333386813, 17747
123, 1684948333398780, 11967
124, 1684948333410924, 12144
125, 1684948333423244, 12320
126, 1684948333440982, 17738
127, 1684948333466451, 25469
128, 1684948333478332, 11881
129, 1684948333501961, 23629
130, 1684948333514776, 12815
131, 1684948333527111, 12335
132, 1684948333538512, 11401
133, 1684948333561959, 23447
134, 1684948333574677, 12718
135, 1684948333593958, 19281
136, 1684948333613503, 19545
137, 1684948333629119, 15616
138, 1684948333650055, 20936
139, 1684948333662922, 12867
140, 1684948333674317, 11395
141, 1684948333685751, 11434
142, 1684948333709963, 24212
143, 1684948333723154, 13191
144, 1684948333734546, 11392
145, 1684948333758644, 24098
146, 1684948333777963, 19319
147, 1684948333793952, 15989
148, 1684948333806150, 12198
149, 1684948333817973, 11823
150, 1684948333837963, 19990
151, 1684948333857972, 20009
152, 1684948333871168, 13196
153, 1684948333884432, 13264
154, 1684948333895921, 11489
155, 1684948333927627, 31706
156, 1684948333940037, 12410
157, 1684948333954180, 14143
158, 1684948333974170, 19990
159, 1684948333992434, 18264
160, 1684948334003466, 11032
161, 1684948334015374, 11908
162, 1684948334032080, 16706
163, 1684948334060120, 28040
164, 1684948334071298, 11178
165, 1684948334082776, 11478
166, 1684948334103311, 20535
167, 1684948334114488, 11177
168, 1684948334132078, 17590
169, 1684948334143053, 10975
170, 1684948334160800, 17747
171, 1684948334171804, 11004
172, 1684948334185280, 13476
173, 1684948334209833, 24553
174, 1684948334222441, 12608
175, 1684948334235952, 13511
176, 1684948334248146, 12194
177, 1684948334264071, 15925
178, 1684948334275991, 11920
179, 1684948334287887, 11896
180, 1684948334309501, 21614
181, 1684948334322277, 12776
182, 1684948334334207, 11930
183, 1684948334350216, 16009
184, 1684948334369965, 19749
185, 1684948334389967, 20002
186, 1684948334403113, 13146
187, 1684948334417011, 13898
188, 1684948334428483, 11472
189, 1684948334439944, 11461
190, 1684948334464077, 24133
191, 1684948334475500, 11423
192, 1684948334486685, 11185
193, 1684948334533963, 47278
194, 1684948334547090, 13127
195, 1684948334559706, 12616
196, 1684948334577967, 18261
197, 1684948334597970, 20003
198, 1684948334610918, 12948
199, 1684948334625952, 15034
