0, 1684948395789996, 1684948395793171, 3175
1, 1684948395813972, 1684948395814175, 203
2, 1684948395834017, 1684948395834170, 153
3, 1684948395846830, 1684948395846997, 167
4, 1684948395861951, 1684948395862106, 155
5, 1684948395881971, 1684948395882256, 285
6, 1684948395895318, 1684948395895452, 134
7, 1684948395909952, 1684948395910457, 505
8, 1684948395929979, 1684948395930057, 78
9, 1684948395945953, 1684948395961642, 15689
10, 1684948395958580, 1684948395969967, 11387
11, 1684948395970137, 1684948395976706, 6569
12, 1684948395983567, 1684948395994113, 10546
13, 1684948396005163, 1684948396006347, 1184
14, 1684948396017833, 1684948396017991, 158
15, 1684948396030304, 1684948396037962, 7658
16, 1684948396049960, 1684948396049974, 14
17, 1684948396069961, 1684948396069967, 6
18, 1684948396082942, 1684948396089951, 7009
19, 1684948396101973, 1684948396101977, 4
20, 1684948396125951, 1684948396126293, 342
21, 1684948396141949, 1684948396142283, 334
22, 1684948396158020, 1684948396158186, 166
23, 1684948396178045, 1684948396178424, 379
24, 1684948396201967, 1684948396202249, 282
25, 1684948396217970, 1684948396218111, 141
26, 1684948396237962, 1684948396238313, 351
27, 1684948396250805, 1684948396254574, 3769
28, 1684948396262293, 1684948396276099, 13806
29, 1684948396273790, 1684948396297969, 24179
30, 1684948396289955, 1684948396318144, 28189
31, 1684948396304028, 1684948396333476, 29448
32, 1684948396337471, 1684948396344251, 6780
33, 1684948396359862, 1684948396372233, 12371
34, 1684948396372101, 1684948396381512, 9411
35, 1684948396388032, 1684948396393120, 5088
36, 1684948396412114, 1684948396416066, 3952
37, 1684948396423530, 1684948396434120, 10590
38, 1684948396434615, 1684948396457496, 22881
39, 1684948396480046, 1684948396480202, 156
40, 1684948396505962, 1684948396506333, 371
41, 1684948396522026, 1684948396522297, 271
42, 1684948396541977, 1684948396542112, 135
43, 1684948396577969, 1684948396578110, 141
44, 1684948396613970, 1684948396614115, 145
45, 1684948396626474, 1684948396626608, 134
46, 1684948396641950, 1684948396642121, 171
47, 1684948396654185, 1684948396657413, 3228
48, 1684948396665256, 1684948396686175, 20919
49, 1684948396685962, 1684948396699151, 13189
50, 1684948396698870, 1684948396718103, 19233
51, 1684948396717968, 1684948396725331, 7363
52, 1684948396731191, 1684948396750110, 18919
53, 1684948396749971, 1684948396757091, 7120
54, 1684948396773981, 1684948396774148, 167
55, 1684948396789952, 1684948396790948, 996
56, 1684948396801520, 1684948396812718, 11198
57, 1684948396812581, 1684948396826142, 13561
58, 1684948396824733, 1684948396846119, 21386
59, 1684948396837952, 1684948396857676, 19724
60, 1684948396848999, 1684948396869310, 20311
61, 1684948396864061, 1684948396886146, 22085
62, 1684948396885971, 1684948396893272, 7301
63, 1684948396921962, 1684948396922129, 167
64, 1684948396937167, 1684948396937534, 367
65, 1684948396961962, 1684948396962126, 164
66, 1684948396977970, 1684948396978322, 352
67, 1684948397001954, 1684948397002139, 185
68, 1684948397020148, 1684948397021584, 1436
69, 1684948397040099, 1684948397040373, 274
70, 1684948397053324, 1684948397053620, 296
71, 1684948397084636, 1684948397086151, 1515
72, 1684948397097952, 1684948397109904, 11952
73, 1684948397109368, 1684948397115512, 6144
74, 1684948397120381, 1684948397130654, 10273
75, 1684948397133955, 1684948397158380, 24425
76, 1684948397153016, 1684948397169165, 16149
77, 1684948397164407, 1684948397191929, 27522
78, 1684948397180644, 1684948397199032, 18388
79, 1684948397191690, 1684948397213935, 22245
80, 1684948397204798, 1684948397229542, 24744
81, 1684948397224992, 1684948397242001, 17009
82, 1684948397249954, 1684948397249955, 1
83, 1684948397265953, 1684948397273950, 7997
84, 1684948397285963, 1684948397286140, 177
85, 1684948397310056, 1684948397310057, 1
86, 1684948397328308, 1684948397333951, 5643
87, 1684948397341950, 1684948397349958, 8008
88, 1684948397365962, 1684948397366141, 179
89, 1684948397379212, 1684948397397961, 18749
90, 1684948397397968, 1684948397405120, 7152
91, 1684948397429959, 1684948397429972, 13
92, 1684948397457951, 1684948397465951, 8000
93, 1684948397471547, 1684948397475241, 3694
94, 1684948397493961, 1684948397494142, 181
95, 1684948397521950, 1684948397529951, 8001
96, 1684948397535212, 1684948397538841, 3629
97, 1684948397547984, 1684948397553953, 5969
98, 1684948397559393, 1684948397560542, 1149
99, 1684948397581972, 1684948397581973, 1
100, 1684948397594722, 1684948397601951, 7229
101, 1684948397617965, 1684948397618011, 46
102, 1684948397631315, 1684948397643945, 12630
103, 1684948397643950, 1684948397651112, 7162
104, 1684948397661970, 1684948397661983, 13
105, 1684948397689951, 1684948397697951, 8000
106, 1684948397702791, 1684948397702995, 204
107, 1684948397714746, 1684948397721951, 7205
108, 1684948397745961, 1684948397745967, 6
109, 1684948397758732, 1684948397765952, 7220
110, 1684948397800525, 1684948397802014, 1489
111, 1684948397817952, 1684948397825952, 8000
112, 1684948397829456, 1684948397831076, 1620
113, 1684948397840469, 1684948397841998, 1529
114, 1684948397851674, 1684948397857951, 6277
115, 1684948397862741, 1684948397867677, 4936
116, 1684948397878824, 1684948397886052, 7228
117, 1684948397890911, 1684948397900819, 9908
118, 1684948397907369, 1684948397909855, 2486
119, 1684948397919564, 1684948397919698, 134
120, 1684948397931108, 1684948397938751, 7643
121, 1684948397942467, 1684948397954032, 11565
122, 1684948397968685, 1684948397981578, 12893
123, 1684948397981333, 1684948398001967, 20634
124, 1684948398005954, 1684948398013472, 7518
125, 1684948398033969, 1684948398034061, 92
126, 1684948398057968, 1684948398058056, 88
127, 1684948398071192, 1684948398071279, 87
128, 1684948398089472, 1684948398089555, 83
129, 1684948398102487, 1684948398102577, 90
130, 1684948398121951, 1684948398121957, 6
131, 1684948398137952, 1684948398143079, 5127
132, 1684948398153244, 1684948398154083, 839
133, 1684948398165953, 1684948398165954, 1
134, 1684948398186032, 1684948398186033, 1
135, 1684948398198698, 1684948398201659, 2961
136, 1684948398210043, 1684948398215758, 5715
137, 1684948398226886, 1684948398253485, 26599
138, 1684948398269965, 1684948398270056, 91
139, 1684948398285982, 1684948398286032, 50
140, 1684948398308112, 1684948398308246, 134
141, 1684948398321309, 1684948398326126, 4817
142, 1684948398339400, 1684948398339617, 217
143, 1684948398357969, 1684948398358105, 136
144, 1684948398373964, 1684948398373966, 2
145, 1684948398393075, 1684948398401950, 8875
146, 1684948398405801, 1684948398411926, 6125
147, 1684948398429986, 1684948398430075, 89
148, 1684948398445952, 1684948398446035, 83
149, 1684948398481952, 1684948398494050, 12098
150, 1684948398494188, 1684948398505497, 11309
151, 1684948398512881, 1684948398514043, 1162
152, 1684948398525957, 1684948398541951, 15994
153, 1684948398541972, 1684948398549989, 8017
154, 1684948398554199, 1684948398558936, 4737
155, 1684948398573957, 1684948398597963, 24006
156, 1684948398597965, 1684948398605120, 7155
157, 1684948398613955, 1684948398614437, 482
158, 1684948398633980, 1684948398633981, 1
159, 1684948398646847, 1684948398646849, 2
160, 1684948398661952, 1684948398665450, 3498
161, 1684948398673354, 1684948398681953, 8599
162, 1684948398684530, 1684948398698039, 13509
163, 1684948398697915, 1684948398709967, 12052
164, 1684948398710717, 1684948398716527, 5810
165, 1684948398729960, 1684948398733611, 3651
166, 1684948398757960, 1684948398758049, 89
167, 1684948398773952, 1684948398785951, 11999
168, 1684948398786769, 1684948398794017, 7248
169, 1684948398800080, 1684948398800784, 704
170, 1684948398817969, 1684948398821683, 3714
171, 1684948398841970, 1684948398841979, 9
172, 1684948398865964, 1684948398865966, 2
173, 1684948398881965, 1684948398881969, 4
174, 1684948398894673, 1684948398894677, 4
175, 1684948398907486, 1684948398909743, 2257
176, 1684948398918668, 1684948398924916, 6248
177, 1684948398935998, 1684948398949488, 13490
178, 1684948398962079, 1684948398962168, 89
179, 1684948398985952, 1684948398986039, 87
180, 1684948398999187, 1684948398999276, 89
181, 1684948399013459, 1684948399013460, 1
182, 1684948399029953, 1684948399030092, 139
183, 1684948399053568, 1684948399053571, 3
184, 1684948399077962, 1684948399078096, 134
185, 1684948399091190, 1684948399091318, 128
186, 1684948399105952, 1684948399113958, 8006
187, 1684948399137966, 1684948399138093, 127
188, 1684948399157965, 1684948399158201, 236
189, 1684948399171577, 1684948399171707, 130
190, 1684948399185952, 1684948399189656, 3704
191, 1684948399197957, 1684948399203166, 5209
192, 1684948399209342, 1684948399219484, 10142
193, 1684948399225779, 1684948399242047, 16268
194, 1684948399261952, 1684948399262094, 142
195, 1684948399285970, 1684948399286112, 142
196, 1684948399298994, 1684948399299149, 155
197, 1684948399311746, 1684948399311964, 218
198, 1684948399337964, 1684948399338130, 166
199, 1684948399357969, 1684948399358104, 135
