0, 1684949253602888, 1684949253602888
1, 1684949253618535, 15647
2, 1684949253631982, 13447
3, 1684949253645098, 13116
4, 1684949253663754, 18656
5, 1684949253676871, 13117
6, 1684949253693909, 17038
7, 1684949253708090, 14181
8, 1684949253739883, 31793
9, 1684949253752697, 12814
10, 1684949253769910, 17213
11, 1684949253783951, 14041
12, 1684949253796277, 12326
13, 1684949253813908, 17631
14, 1684949253827846, 13938
15, 1684949253840769, 12923
16, 1684949253855473, 14704
17, 1684949253868614, 13141
18, 1684949253881228, 12614
19, 1684949253894101, 12873
20, 1684949253908585, 14484
21, 1684949253925910, 17325
22, 1684949253938687, 12777
23, 1684949253950174, 11487
24, 1684949253962780, 12606
25, 1684949253973935, 11155
26, 1684949253989909, 15974
27, 1684949254002730, 12821
28, 1684949254015333, 12603
29, 1684949254026516, 11183
30, 1684949254040294, 13778
31, 1684949254053070, 12776
32, 1684949254068706, 15636
33, 1684949254085908, 17202
34, 1684949254099154, 13246
35, 1684949254112298, 13144
36, 1684949254124903, 12605
37, 1684949254137996, 13093
38, 1684949254152107, 14111
39, 1684949254165244, 13137
40, 1684949254185908, 20664
41, 1684949254199503, 13595
42, 1684949254212781, 13278
43, 1684949254225115, 12334
44, 1684949254238007, 12892
45, 1684949254250648, 12641
46, 1684949254263760, 13112
47, 1684949254276089, 12329
48, 1684949254293907, 17818
49, 1684949254325357, 31450
50, 1684949254338255, 12898
51, 1684949254350904, 12649
52, 1684949254363683, 12779
53, 1684949254376017, 12334
54, 1684949254389221, 13204
55, 1684949254405760, 16539
56, 1684949254420082, 14322
57, 1684949254432407, 12325
58, 1684949254445487, 13080
59, 1684949254458645, 13158
60, 1684949254472085, 13440
61, 1684949254484425, 12340
62, 1684949254497243, 12818
63, 1684949254510344, 13101
64, 1684949254527201, 16857
65, 1684949254540318, 13117
66, 1684949254552642, 12324
67, 1684949254565704, 13062
68, 1684949254585908, 20204
69, 1684949254599187, 13279
70, 1684949254611516, 12329
71, 1684949254624675, 13159
72, 1684949254639999, 15324
73, 1684949254652112, 12113
74, 1684949254667133, 15021
75, 1684949254679461, 12328
76, 1684949254692579, 13118
77, 1684949254707260, 14681
78, 1684949254720408, 13148
79, 1684949254733012, 12604
80, 1684949254747723, 14711
81, 1684949254760503, 12780
82, 1684949254772830, 12327
83, 1684949254785886, 13056
84, 1684949254802881, 16995
85, 1684949254815010, 12129
86, 1684949254828129, 13119
87, 1684949254840474, 12345
88, 1684949254855293, 14819
89, 1684949254867398, 12105
90, 1684949254900043, 32645
91, 1684949254917909, 17866
92, 1684949254931155, 13246
93, 1684949254942331, 11176
94, 1684949254953596, 11265
95, 1684949254965871, 12275
96, 1684949254981911, 16040
97, 1684949254996336, 14425
98, 1684949255009259, 12923
99, 1684949255025983, 16724
100, 1684949255039110, 13127
101, 1684949255051431, 12321
102, 1684949255064611, 13180
103, 1684949255078793, 14182
104, 1684949255091567, 12774
105, 1684949255103888, 12321
106, 1684949255121909, 18021
107, 1684949255134785, 12876
108, 1684949255148088, 13303
109, 1684949255160198, 12110
110, 1684949255177909, 17711
111, 1684949255190226, 12317
112, 1684949255203649, 13423
113, 1684949255216253, 12604
114, 1684949255231706, 15453
115, 1684949255244044, 12338
116, 1684949255261908, 17864
117, 1684949255274515, 12607
118, 1684949255287437, 12922
119, 1684949255299768, 12331
120, 1684949255312914, 13146
121, 1684949255329908, 16994
122, 1684949255343847, 13939
123, 1684949255357013, 13166
124, 1684949255373998, 16985
125, 1684949255386853, 12855
126, 1684949255399511, 12658
127, 1684949255410793, 11282
128, 1684949255423973, 13180
129, 1684949255436344, 12371
130, 1684949255474368, 38024
131, 1684949255487359, 12991
132, 1684949255501969, 14610
133, 1684949255517910, 15941
134, 1684949255530763, 12853
135, 1684949255543864, 13101
136, 1684949255556522, 12658
137, 1684949255573908, 17386
138, 1684949255586829, 12921
139, 1684949255600092, 13263
140, 1684949255612240, 12148
141, 1684949255629908, 17668
142, 1684949255643913, 14005
143, 1684949255661907, 17994
144, 1684949255675045, 13138
145, 1684949255691370, 16325
146, 1684949255703980, 12610
147, 1684949255716891, 12911
148, 1684949255729216, 12325
149, 1684949255747294, 18078
150, 1684949255764125, 16831
151, 1684949255778792, 14667
152, 1684949255791709, 12917
153, 1684949255804057, 12348
154, 1684949255816870, 12813
155, 1684949255833907, 17037
156, 1684949255846816, 12909
157, 1684949255858250, 11434
158, 1684949255873910, 15660
159, 1684949255887102, 13192
160, 1684949255898404, 11302
161, 1684949255910505, 12101
162, 1684949255926380, 15875
163, 1684949255940074, 13694
164, 1684949255957909, 17835
165, 1684949255971489, 13580
166, 1684949255983947, 12458
167, 1684949255999243, 15296
168, 1684949256011563, 12320
169, 1684949256024659, 13096
170, 1684949256061909, 37250
171, 1684949256074714, 12805
172, 1684949256087302, 12588
173, 1684949256100220, 12918
174, 1684949256114838, 14618
175, 1684949256128089, 13251
176, 1684949256140681, 12592
177, 1684949256154113, 13432
178, 1684949256166875, 12762
179, 1684949256179184, 12309
180, 1684949256192330, 13146
181, 1684949256204427, 12097
182, 1684949256221909, 17482
183, 1684949256235922, 14013
184, 1684949256249061, 13139
185, 1684949256269909, 20848
186, 1684949256283921, 14012
187, 1684949256297022, 13101
188, 1684949256313908, 16886
189, 1684949256326713, 12805
190, 1684949256340114, 13401
191, 1684949256357908, 17794
192, 1684949256371592, 13684
193, 1684949256383906, 12314
194, 1684949256401908, 18002
195, 1684949256414929, 13021
196, 1684949256428083, 13154
197, 1684949256445909, 17826
198, 1684949256459086, 13177
199, 1684949256470377, 11291
