0, 1684947894353028, 1684947894353028
1, 1684947894373004, 19976
2, 1684947894389003, 15999
3, 1684947894405004, 16001
4, 1684947894421003, 15999
5, 1684947894437002, 15999
6, 1684947894457002, 20000
7, 1684947894473003, 16001
8, 1684947894489002, 15999
9, 1684947894505003, 16001
10, 1684947894521003, 16000
11, 1684947894537002, 15999
12, 1684947894553002, 16000
13, 1684947894569002, 16000
14, 1684947894580490, 11488
15, 1684947894593009, 12519
16, 1684947894604496, 11487
17, 1684947894621002, 16506
18, 1684947894637003, 16001
19, 1684947894653003, 16000
20, 1684947894669003, 16000
21, 1684947894685003, 16000
22, 1684947894701002, 15999
23, 1684947894717003, 16001
24, 1684947894733002, 15999
25, 1684947894749002, 16000
26, 1684947894765002, 16000
27, 1684947894781001, 15999
28, 1684947894797002, 16001
29, 1684947894813002, 16000
30, 1684947894829002, 16000
31, 1684947894849003, 20001
32, 1684947894865002, 15999
33, 1684947894881003, 16001
34, 1684947894897002, 15999
35, 1684947894913002, 16000
36, 1684947894929001, 15999
37, 1684947894945002, 16001
38, 1684947894961004, 16002
39, 1684947894977005, 16001
40, 1684947894989008, 12003
41, 1684947895005003, 15995
42, 1684947895017014, 12011
43, 1684947895033003, 15989
44, 1684947895049003, 16000
45, 1684947895065002, 15999
46, 1684947895081002, 16000
47, 1684947895097003, 16001
48, 1684947895108488, 11485
49, 1684947895129001, 20513
50, 1684947895145002, 16001
51, 1684947895161002, 16000
52, 1684947895177003, 16001
53, 1684947895193002, 15999
54, 1684947895209003, 16001
55, 1684947895220486, 11483
56, 1684947895237002, 16516
57, 1684947895253002, 16000
58, 1684947895269002, 16000
59, 1684947895289004, 20002
60, 1684947895305003, 15999
61, 1684947895316487, 11484
62, 1684947895327975, 11488
63, 1684947895345002, 17027
64, 1684947895361002, 16000
65, 1684947895377056, 16054
66, 1684947895393002, 15946
67, 1684947895409002, 16000
68, 1684947895425002, 16000
69, 1684947895436481, 11479
70, 1684947895453002, 16521
71, 1684947895469002, 16000
72, 1684947895485002, 16000
73, 1684947895501002, 16000
74, 1684947895517002, 16000
75, 1684947895529008, 12006
76, 1684947895545002, 15994
77, 1684947895561002, 16000
78, 1684947895572486, 11484
79, 1684947895589003, 16517
80, 1684947895609002, 19999
81, 1684947895620482, 11480
82, 1684947895633008, 12526
83, 1684947895649003, 15995
84, 1684947895665002, 15999
85, 1684947895681002, 16000
86, 1684947895697002, 16000
87, 1684947895713002, 16000
88, 1684947895725008, 12006
89, 1684947895741002, 15994
90, 1684947895757002, 16000
91, 1684947895773002, 16000
92, 1684947895785008, 12006
93, 1684947895801002, 15994
94, 1684947895817002, 16000
95, 1684947895833003, 16001
96, 1684947895849003, 16000
97, 1684947895865002, 15999
98, 1684947895885004, 20002
99, 1684947895901002, 15998
100, 1684947895912826, 11824
101, 1684947895929002, 16176
102, 1684947895949001, 19999
103, 1684947895965002, 16001
104, 1684947895981002, 16000
105, 1684947895997002, 16000
106, 1684947896013002, 16000
107, 1684947896029002, 16000
108, 1684947896041009, 12007
109, 1684947896053008, 11999
110, 1684947896069003, 15995
111, 1684947896085002, 15999
112, 1684947896101005, 16003
113, 1684947896117002, 15997
114, 1684947896133002, 16000
115, 1684947896145009, 12007
116, 1684947896161004, 15995
117, 1684947896177004, 16000
118, 1684947896193002, 15998
119, 1684947896209002, 16000
120, 1684947896220841, 11839
121, 1684947896237003, 16162
122, 1684947896253004, 16001
123, 1684947896269002, 15998
124, 1684947896285002, 16000
125, 1684947896297013, 12011
126, 1684947896313002, 15989
127, 1684947896329002, 16000
128, 1684947896345002, 16000
129, 1684947896365004, 20002
130, 1684947896381002, 15998
131, 1684947896397002, 16000
132, 1684947896413002, 16000
133, 1684947896429002, 16000
134, 1684947896445002, 16000
135, 1684947896461002, 16000
136, 1684947896477002, 16000
137, 1684947896493004, 16002
138, 1684947896509002, 15998
139, 1684947896525002, 16000
140, 1684947896536846, 11844
141, 1684947896553002, 16156
142, 1684947896569005, 16003
143, 1684947896585002, 15997
144, 1684947896601005, 16003
145, 1684947896614153, 13148
146, 1684947896625671, 11518
147, 1684947896645002, 19331
148, 1684947896657038, 12036
149, 1684947896673002, 15964
150, 1684947896689003, 16001
151, 1684947896705001, 15998
152, 1684947896721002, 16001
153, 1684947896737005, 16003
154, 1684947896753002, 15997
155, 1684947896769002, 16000
156, 1684947896785002, 16000
157, 1684947896801002, 16000
158, 1684947896817002, 16000
159, 1684947896833002, 16000
160, 1684947896849002, 16000
161, 1684947896865003, 16001
162, 1684947896881002, 15999
163, 1684947896901003, 20001
164, 1684947896917002, 15999
165, 1684947896933002, 16000
166, 1684947896949002, 16000
167, 1684947896965002, 16000
168, 1684947896981002, 16000
169, 1684947896997002, 16000
170, 1684947897013002, 16000
171, 1684947897029002, 16000
172, 1684947897045003, 16001
173, 1684947897061002, 15999
174, 1684947897077002, 16000
175, 1684947897093002, 16000
176, 1684947897109002, 16000
177, 1684947897125002, 16000
178, 1684947897141004, 16002
179, 1684947897157002, 15998
180, 1684947897173002, 16000
181, 1684947897189002, 16000
182, 1684947897200517, 11515
183, 1684947897217002, 16485
184, 1684947897233002, 16000
185, 1684947897249010, 16008
186, 1684947897261355, 12345
187, 1684947897273700, 12345
188, 1684947897286044, 12344
189, 1684947897298367, 12323
190, 1684947897310689, 12322
191, 1684947897323009, 12320
192, 1684947897335336, 12327
193, 1684947897349272, 13936
194, 1684947897361348, 12076
195, 1684947897373608, 12260
196, 1684947897385883, 12275
197, 1684947897398158, 12275
198, 1684947897410435, 12277
199, 1684947897422713, 12278
