0, 1684944103363461, 1684944103363693, 232
1, 1684944103377083, 1684944103377310, 227
2, 1684944103389802, 1684944103390037, 235
3, 1684944103402876, 1684944103403095, 219
4, 1684944103415439, 1684944103415658, 219
5, 1684944103428897, 1684944103429117, 220
6, 1684944103441593, 1684944103441808, 215
7, 1684944103454647, 1684944103454868, 221
8, 1684944103467210, 1684944103467422, 212
9, 1684944103480661, 1684944103480876, 215
10, 1684944103493347, 1684944103493560, 213
11, 1684944103506400, 1684944103506614, 214
12, 1684944103518949, 1684944103519165, 216
13, 1684944103532395, 1684944103532608, 213
14, 1684944103545077, 1684944103545291, 214
15, 1684944103558122, 1684944103558337, 215
16, 1684944103570675, 1684944103570888, 213
17, 1684944103584123, 1684944103584333, 210
18, 1684944103596808, 1684944103597019, 211
19, 1684944103609851, 1684944103610080, 229
20, 1684944103622411, 1684944103622622, 211
21, 1684944103635851, 1684944103636060, 209
22, 1684944103648530, 1684944103648740, 210
23, 1684944103661573, 1684944103661784, 211
24, 1684944103674113, 1684944103674324, 211
25, 1684944103687552, 1684944103687764, 212
26, 1684944103700229, 1684944103700441, 212
27, 1684944103713283, 1684944103713494, 211
28, 1684944103725831, 1684944103726057, 226
29, 1684944103739294, 1684944103739506, 212
30, 1684944103751979, 1684944103752189, 210
31, 1684944103765020, 1684944103765231, 211
32, 1684944103777572, 1684944103777781, 209
33, 1684944103791009, 1684944103791219, 210
34, 1684944103803694, 1684944103803837, 143
35, 1684944103816065, 1684944103816275, 210
36, 1684944103829504, 1684944103829713, 209
37, 1684944103842182, 1684944103842392, 210
38, 1684944103855227, 1684944103855435, 208
39, 1684944103867764, 1684944103867973, 209
40, 1684944103901141, 1684944103901350, 209
41, 1684944103913824, 1684944103914048, 224
42, 1684944103926874, 1684944103927084, 210
43, 1684944103939412, 1684944103939620, 208
44, 1684944103952844, 1684944103953052, 208
45, 1684944103965528, 1684944103965736, 208
46, 1684944103978564, 1684944103978773, 209
47, 1684944103991095, 1684944103991306, 211
48, 1684944104004542, 1684944104004750, 208
49, 1684944104017215, 1684944104017468, 253
50, 1684944104030328, 1684944104030473, 145
51, 1684944104042847, 1684944104042991, 144
52, 1684944104055853, 1684944104055997, 144
53, 1684944104068892, 1684944104069035, 143
54, 1684944104081405, 1684944104081549, 144
55, 1684944104094412, 1684944104094555, 143
56, 1684944104107445, 1684944104107588, 143
57, 1684944104119957, 1684944104120100, 143
58, 1684944104132953, 1684944104133098, 145
59, 1684944104145988, 1684944104146142, 154
60, 1684944104158514, 1684944104158656, 142
61, 1684944104171507, 1684944104171651, 144
62, 1684944104184543, 1684944104184686, 143
63, 1684944104197053, 1684944104197197, 144
64, 1684944104210033, 1684944104210179, 146
65, 1684944104222843, 1684944104222906, 63
66, 1684944104235850, 1684944104235913, 63
67, 1684944104248366, 1684944104248430, 64
68, 1684944104261360, 1684944104261424, 64
69, 1684944104274397, 1684944104274462, 65
70, 1684944104286907, 1684944104286972, 65
71, 1684944104299905, 1684944104299969, 64
72, 1684944104312943, 1684944104313007, 64
73, 1684944104325454, 1684944104325519, 65
74, 1684944104338451, 1684944104338516, 65
75, 1684944104351483, 1684944104351547, 64
76, 1684944104363994, 1684944104364058, 64
77, 1684944104376989, 1684944104377053, 64
78, 1684944104390028, 1684944104390092, 64
79, 1684944104402538, 1684944104402602, 64
80, 1684944104415535, 1684944104415599, 64
81, 1684944104428576, 1684944104428639, 63
82, 1684944104441090, 1684944104441154, 64
83, 1684944104473725, 1684944104473789, 64
84, 1684944104486777, 1684944104486841, 64
85, 1684944104499287, 1684944104499350, 63
86, 1684944104512283, 1684944104512347, 64
87, 1684944104525318, 1684944104525382, 64
88, 1684944104537832, 1684944104537896, 64
89, 1684944104550839, 1684944104550903, 64
90, 1684944104563868, 1684944104563932, 64
91, 1684944104576385, 1684944104576448, 63
92, 1684944104589389, 1684944104589452, 63
93, 1684944104602431, 1684944104602495, 64
94, 1684944104616756, 1684944104616821, 65
95, 1684944104631182, 1684944104631248, 66
96, 1684944104644583, 1684944104644647, 64
97, 1684944104657446, 1684944104657511, 65
98, 1684944104670778, 1684944104670843, 65
99, 1684944104683820, 1684944104683884, 64
100, 1684944104696858, 1684944104696924, 66
101, 1684944104709390, 1684944104709476, 86
102, 1684944104722446, 1684944104722510, 64
103, 1684944104735497, 1684944104735562, 65
104, 1684944104748030, 1684944104748094, 64
105, 1684944104761042, 1684944104761106, 64
106, 1684944104774095, 1684944104774158, 63
107, 1684944104786617, 1684944104786680, 63
108, 1684944104799630, 1684944104799694, 64
109, 1684944104812683, 1684944104812747, 64
110, 1684944104825210, 1684944104825273, 63
111, 1684944104838229, 1684944104838292, 63
112, 1684944104851278, 1684944104851341, 63
113, 1684944104863800, 1684944104863863, 63
114, 1684944104876815, 1684944104876879, 64
115, 1684944104889860, 1684944104889924, 64
116, 1684944104902402, 1684944104902466, 64
117, 1684944104915411, 1684944104915474, 63
118, 1684944104928463, 1684944104928526, 63
119, 1684944104940986, 1684944104941049, 63
120, 1684944104954001, 1684944104954076, 75
121, 1684944104967063, 1684944104967126, 63
122, 1684944104979584, 1684944104979648, 64
123, 1684944104992599, 1684944104992663, 64
124, 1684944105005643, 1684944105005707, 64
125, 1684944105037969, 1684944105038191, 222
126, 1684944105050996, 1684944105051205, 209
127, 1684944105064041, 1684944105064253, 212
128, 1684944105076578, 1684944105076790, 212
129, 1684944105089591, 1684944105089800, 209
130, 1684944105102632, 1684944105102840, 208
131, 1684944105115147, 1684944105115357, 210
132, 1684944105128155, 1684944105128365, 210
133, 1684944105141195, 1684944105141405, 210
134, 1684944105153714, 1684944105153925, 211
135, 1684944105166741, 1684944105166950, 209
136, 1684944105179776, 1684944105179986, 210
137, 1684944105192296, 1684944105192504, 208
138, 1684944105205301, 1684944105205514, 213
139, 1684944105235056, 1684944105235266, 210
140, 1684944105247577, 1684944105247785, 208
141, 1684944105260573, 1684944105260781, 208
142, 1684944105273611, 1684944105273820, 209
143, 1684944105286126, 1684944105286335, 209
144, 1684944105299133, 1684944105299366, 233
145, 1684944105313128, 1684944105313339, 211
146, 1684944105325504, 1684944105325716, 212
147, 1684944105337878, 1684944105338103, 225
148, 1684944105350275, 1684944105350486, 211
149, 1684944105362650, 1684944105362860, 210
150, 1684944105375022, 1684944105375233, 211
151, 1684944105387396, 1684944105387604, 208
152, 1684944105399769, 1684944105400013, 244
153, 1684944105412186, 1684944105412396, 210
154, 1684944105424572, 1684944105424779, 207
155, 1684944105436944, 1684944105437007, 63
156, 1684944105450380, 1684944105450444, 64
157, 1684944105463058, 1684944105463122, 64
158, 1684944105476117, 1684944105476181, 64
159, 1684944105488656, 1684944105488720, 64
160, 1684944105502091, 1684944105502156, 65
161, 1684944105514767, 1684944105514829, 62
162, 1684944105527807, 1684944105527870, 63
163, 1684944105540342, 1684944105540406, 64
164, 1684944105553774, 1684944105553837, 63
165, 1684944105566464, 1684944105566528, 64
166, 1684944105579509, 1684944105579572, 63
167, 1684944105592054, 1684944105592117, 63
168, 1684944105605483, 1684944105605547, 64
169, 1684944105618164, 1684944105618228, 64
170, 1684944105631201, 1684944105631265, 64
171, 1684944105663337, 1684944105663405, 68
172, 1684944105676792, 1684944105676856, 64
173, 1684944105689473, 1684944105689537, 64
174, 1684944105702519, 1684944105702582, 63
175, 1684944105715052, 1684944105715116, 64
176, 1684944105728491, 1684944105728557, 66
177, 1684944105741170, 1684944105741234, 64
178, 1684944105754212, 1684944105754366, 154
179, 1684944105766776, 1684944105766921, 145
180, 1684944105780213, 1684944105780358, 145
181, 1684944105792888, 1684944105793033, 145
182, 1684944105805930, 1684944105806089, 159
183, 1684944105818484, 1684944105818628, 144
184, 1684944105831914, 1684944105832057, 143
185, 1684944105846030, 1684944105846095, 65
186, 1684944105858586, 1684944105858650, 64
187, 1684944105873785, 1684944105873850, 65
188, 1684944105886807, 1684944105886871, 64
189, 1684944105899841, 1684944105899904, 63
190, 1684944105912364, 1684944105912428, 64
191, 1684944105925378, 1684944105925442, 64
192, 1684944105938418, 1684944105938482, 64
193, 1684944105950941, 1684944105951004, 63
194, 1684944105963948, 1684944105964011, 63
195, 1684944105976990, 1684944105977053, 63
196, 1684944105989513, 1684944105989576, 63
197, 1684944106002521, 1684944106002584, 63
198, 1684944106015566, 1684944106015629, 63
199, 1684944106028099, 1684944106028163, 64
