0, 1684944103363461, 1684944103363592, 131
1, 1684944103377083, 1684944103377160, 77
2, 1684944103389802, 1684944103389871, 69
3, 1684944103402876, 1684944103402943, 67
4, 1684944103415439, 1684944103415505, 66
5, 1684944103428897, 1684944103428964, 67
6, 1684944103441593, 1684944103441658, 65
7, 1684944103454647, 1684944103454717, 70
8, 1684944103467210, 1684944103467275, 65
9, 1684944103480661, 1684944103480725, 64
10, 1684944103493347, 1684944103493412, 65
11, 1684944103506400, 1684944103506464, 64
12, 1684944103518949, 1684944103519015, 66
13, 1684944103532395, 1684944103532459, 64
14, 1684944103545077, 1684944103545143, 66
15, 1684944103558122, 1684944103558187, 65
16, 1684944103570675, 1684944103570740, 65
17, 1684944103584123, 1684944103584187, 64
18, 1684944103596808, 1684944103596873, 65
19, 1684944103609851, 1684944103609917, 66
20, 1684944103622411, 1684944103622476, 65
21, 1684944103635851, 1684944103635915, 64
22, 1684944103648530, 1684944103648594, 64
23, 1684944103661573, 1684944103661638, 65
24, 1684944103674113, 1684944103674177, 64
25, 1684944103687552, 1684944103687617, 65
26, 1684944103700229, 1684944103700294, 65
27, 1684944103713283, 1684944103713348, 65
28, 1684944103725831, 1684944103725896, 65
29, 1684944103739294, 1684944103739359, 65
30, 1684944103751979, 1684944103752044, 65
31, 1684944103765020, 1684944103765084, 64
32, 1684944103777572, 1684944103777635, 63
33, 1684944103791009, 1684944103791072, 63
34, 1684944103803694, 1684944103803758, 64
35, 1684944103816065, 1684944103816129, 64
36, 1684944103829504, 1684944103829568, 64
37, 1684944103842182, 1684944103842247, 65
38, 1684944103855227, 1684944103855291, 64
39, 1684944103867764, 1684944103867827, 63
40, 1684944103901141, 1684944103901206, 65
41, 1684944103913824, 1684944103913888, 64
42, 1684944103926874, 1684944103926938, 64
43, 1684944103939412, 1684944103939476, 64
44, 1684944103952844, 1684944103952908, 64
45, 1684944103965528, 1684944103965592, 64
46, 1684944103978564, 1684944103978628, 64
47, 1684944103991095, 1684944103991160, 65
48, 1684944104004542, 1684944104004606, 64
49, 1684944104017215, 1684944104017309, 94
50, 1684944104030328, 1684944104030539, 211
51, 1684944104042847, 1684944104043056, 209
52, 1684944104055853, 1684944104056062, 209
53, 1684944104068892, 1684944104069100, 208
54, 1684944104081405, 1684944104081614, 209
55, 1684944104094412, 1684944104094621, 209
56, 1684944104107445, 1684944104107653, 208
57, 1684944104119957, 1684944104120164, 207
58, 1684944104132953, 1684944104133163, 210
59, 1684944104145988, 1684944104146207, 219
60, 1684944104158514, 1684944104158721, 207
61, 1684944104171507, 1684944104171716, 209
62, 1684944104184543, 1684944104184751, 208
63, 1684944104197053, 1684944104197263, 210
64, 1684944104210033, 1684944104210266, 233
65, 1684944104222843, 1684944104222986, 143
66, 1684944104235850, 1684944104236058, 208
67, 1684944104248366, 1684944104248574, 208
68, 1684944104261360, 1684944104261568, 208
69, 1684944104274397, 1684944104274606, 209
70, 1684944104286907, 1684944104287117, 210
71, 1684944104299905, 1684944104300113, 208
72, 1684944104312943, 1684944104313152, 209
73, 1684944104325454, 1684944104325662, 208
74, 1684944104338451, 1684944104338660, 209
75, 1684944104351483, 1684944104351690, 207
76, 1684944104363994, 1684944104364201, 207
77, 1684944104376989, 1684944104377199, 210
78, 1684944104390028, 1684944104390234, 206
79, 1684944104402538, 1684944104402746, 208
80, 1684944104415535, 1684944104415743, 208
81, 1684944104428576, 1684944104428785, 209
82, 1684944104441090, 1684944104441298, 208
83, 1684944104473725, 1684944104473934, 209
84, 1684944104486777, 1684944104486984, 207
85, 1684944104499287, 1684944104499494, 207
86, 1684944104512283, 1684944104512493, 210
87, 1684944104525318, 1684944104525528, 210
88, 1684944104537832, 1684944104538054, 222
89, 1684944104550839, 1684944104551047, 208
90, 1684944104563868, 1684944104564012, 144
91, 1684944104576385, 1684944104576528, 143
92, 1684944104589389, 1684944104589532, 143
93, 1684944104602431, 1684944104602601, 170
94, 1684944104616756, 1684944104616902, 146
95, 1684944104631182, 1684944104631330, 148
96, 1684944104644583, 1684944104644727, 144
97, 1684944104657446, 1684944104657591, 145
98, 1684944104670778, 1684944104670923, 145
99, 1684944104683820, 1684944104684031, 211
100, 1684944104696858, 1684944104697073, 215
101, 1684944104709390, 1684944104709637, 247
102, 1684944104722446, 1684944104722657, 211
103, 1684944104735497, 1684944104735708, 211
104, 1684944104748030, 1684944104748240, 210
105, 1684944104761042, 1684944104761252, 210
106, 1684944104774095, 1684944104774303, 208
107, 1684944104786617, 1684944104786824, 207
108, 1684944104799630, 1684944104799839, 209
109, 1684944104812683, 1684944104812897, 214
110, 1684944104825210, 1684944104825421, 211
111, 1684944104838229, 1684944104838438, 209
112, 1684944104851278, 1684944104851487, 209
113, 1684944104863800, 1684944104864006, 206
114, 1684944104876815, 1684944104877024, 209
115, 1684944104889860, 1684944104890087, 227
116, 1684944104902402, 1684944104902610, 208
117, 1684944104915411, 1684944104915619, 208
118, 1684944104928463, 1684944104928672, 209
119, 1684944104940986, 1684944104941194, 208
120, 1684944104954001, 1684944104954224, 223
121, 1684944104967063, 1684944104967271, 208
122, 1684944104979584, 1684944104979793, 209
123, 1684944104992599, 1684944104992809, 210
124, 1684944105005643, 1684944105005851, 208
125, 1684944105037969, 1684944105038126, 157
126, 1684944105050996, 1684944105051060, 64
127, 1684944105064041, 1684944105064106, 65
128, 1684944105076578, 1684944105076642, 64
129, 1684944105089591, 1684944105089654, 63
130, 1684944105102632, 1684944105102696, 64
131, 1684944105115147, 1684944105115211, 64
132, 1684944105128155, 1684944105128220, 65
133, 1684944105141195, 1684944105141259, 64
134, 1684944105153714, 1684944105153778, 64
135, 1684944105166741, 1684944105166805, 64
136, 1684944105179776, 1684944105179840, 64
137, 1684944105192296, 1684944105192359, 63
138, 1684944105205301, 1684944105205366, 65
139, 1684944105235056, 1684944105235120, 64
140, 1684944105247577, 1684944105247641, 64
141, 1684944105260573, 1684944105260637, 64
142, 1684944105273611, 1684944105273675, 64
143, 1684944105286126, 1684944105286190, 64
144, 1684944105299133, 1684944105299220, 87
145, 1684944105313128, 1684944105313193, 65
146, 1684944105325504, 1684944105325569, 65
147, 1684944105337878, 1684944105337942, 64
148, 1684944105350275, 1684944105350338, 63
149, 1684944105362650, 1684944105362715, 65
150, 1684944105375022, 1684944105375086, 64
151, 1684944105387396, 1684944105387459, 63
152, 1684944105399769, 1684944105399853, 84
153, 1684944105412186, 1684944105412250, 64
154, 1684944105424572, 1684944105424635, 63
155, 1684944105436944, 1684944105437087, 143
156, 1684944105450380, 1684944105450526, 146
157, 1684944105463058, 1684944105463202, 144
158, 1684944105476117, 1684944105476262, 145
159, 1684944105488656, 1684944105488800, 144
160, 1684944105502091, 1684944105502237, 146
161, 1684944105514767, 1684944105514910, 143
162, 1684944105527807, 1684944105527950, 143
163, 1684944105540342, 1684944105540485, 143
164, 1684944105553774, 1684944105553917, 143
165, 1684944105566464, 1684944105566608, 144
166, 1684944105579509, 1684944105579652, 143
167, 1684944105592054, 1684944105592197, 143
168, 1684944105605483, 1684944105605627, 144
169, 1684944105618164, 1684944105618309, 145
170, 1684944105631201, 1684944105631345, 144
171, 1684944105663337, 1684944105663489, 152
172, 1684944105676792, 1684944105676937, 145
173, 1684944105689473, 1684944105689618, 145
174, 1684944105702519, 1684944105702662, 143
175, 1684944105715052, 1684944105715195, 143
176, 1684944105728491, 1684944105728638, 147
177, 1684944105741170, 1684944105741313, 143
178, 1684944105754212, 1684944105754284, 72
179, 1684944105766776, 1684944105766840, 64
180, 1684944105780213, 1684944105780278, 65
181, 1684944105792888, 1684944105792953, 65
182, 1684944105805930, 1684944105805994, 64
183, 1684944105818484, 1684944105818548, 64
184, 1684944105831914, 1684944105831978, 64
185, 1684944105846030, 1684944105846241, 211
186, 1684944105858586, 1684944105858818, 232
187, 1684944105873785, 1684944105873997, 212
188, 1684944105886807, 1684944105887018, 211
189, 1684944105899841, 1684944105900049, 208
190, 1684944105912364, 1684944105912572, 208
191, 1684944105925378, 1684944105925586, 208
192, 1684944105938418, 1684944105938626, 208
193, 1684944105950941, 1684944105951149, 208
194, 1684944105963948, 1684944105964092, 144
195, 1684944105976990, 1684944105977134, 144
196, 1684944105989513, 1684944105989657, 144
197, 1684944106002521, 1684944106002664, 143
198, 1684944106015566, 1684944106015709, 143
199, 1684944106028099, 1684944106028243, 144
