0, 1684948266006663, 1684948266006663
1, 1684948266109954, 103291
2, 1684948266122566, 12612
3, 1684948266134640, 12074
4, 1684948266147107, 12467
5, 1684948266161951, 14844
6, 1684948266181951, 20000
7, 1684948266196586, 14635
8, 1684948266209952, 13366
9, 1684948266221953, 12001
10, 1684948266233832, 11879
11, 1684948266261954, 28122
12, 1684948266274155, 12201
13, 1684948266286221, 12066
14, 1684948266298284, 12063
15, 1684948266310368, 12084
16, 1684948266322433, 12065
17, 1684948266334496, 12063
18, 1684948266346966, 12470
19, 1684948266361985, 15019
20, 1684948266375519, 13534
21, 1684948266387416, 11897
22, 1684948266399297, 11881
23, 1684948266417954, 18657
24, 1684948266493955, 76001
25, 1684948266509657, 15702
26, 1684948266523279, 13622
27, 1684948266535505, 12226
28, 1684948266547699, 12194
29, 1684948266559834, 12135
30, 1684948266572994, 13160
31, 1684948266665954, 92960
32, 1684948266681952, 15998
33, 1684948266694652, 12700
34, 1684948266706850, 12198
35, 1684948266721988, 15138
36, 1684948266735112, 13124
37, 1684948266749950, 14838
38, 1684948266765952, 16002
39, 1684948266780582, 14630
40, 1684948266793222, 12640
41, 1684948266829951, 36729
42, 1684948266849952, 20001
43, 1684948266873952, 24000
44, 1684948266901954, 28002
45, 1684948266917952, 15998
46, 1684948266933952, 16000
47, 1684948266961953, 28001
48, 1684948266989966, 28013
49, 1684948267053972, 64006
50, 1684948267069951, 15979
51, 1684948267085951, 16000
52, 1684948267098152, 12201
53, 1684948267117950, 19798
54, 1684948267130379, 12429
55, 1684948267142600, 12221
56, 1684948267154808, 12208
57, 1684948267173475, 18667
58, 1684948267189797, 16322
59, 1684948267205749, 15952
60, 1684948267219619, 13870
61, 1684948267233486, 13867
62, 1684948267249950, 16464
63, 1684948267265951, 16001
64, 1684948267293952, 28001
65, 1684948267309987, 16035
66, 1684948267322314, 12327
67, 1684948267337992, 15678
68, 1684948267350691, 12699
69, 1684948267369480, 18789
70, 1684948267381961, 12481
71, 1684948267401976, 20015
72, 1684948267429954, 27978
73, 1684948267505980, 76026
74, 1684948267521952, 15972
75, 1684948267573982, 52030
76, 1684948267587118, 13136
77, 1684948267625979, 38861
78, 1684948267653952, 27973
79, 1684948267666841, 12889
80, 1684948267679067, 12226
81, 1684948267690949, 11882
82, 1684948267721952, 31003
83, 1684948267735144, 13192
84, 1684948267747828, 12684
85, 1684948267760710, 12882
86, 1684948267773952, 13242
87, 1684948267789952, 16000
88, 1684948267802173, 12221
89, 1684948267838013, 35840
90, 1684948267851921, 13908
91, 1684948267864188, 12267
92, 1684948267877954, 13766
93, 1684948267893951, 15997
94, 1684948267913980, 20029
95, 1684948267929952, 15972
96, 1684948267945950, 15998
97, 1684948267961951, 16001
98, 1684948267977969, 16018
99, 1684948267990641, 12672
100, 1684948268002826, 12185
101, 1684948268017104, 14278
102, 1684948268077955, 60851
103, 1684948268090730, 12775
104, 1684948268102915, 12185
105, 1684948268121952, 19037
106, 1684948268135741, 13789
107, 1684948268148618, 12877
108, 1684948268217952, 69334
109, 1684948268231112, 13160
110, 1684948268244333, 13221
111, 1684948268257952, 13619
112, 1684948268270543, 12591
113, 1684948268285952, 15409
114, 1684948268297950, 11998
115, 1684948268309953, 12003
116, 1684948268321860, 11907
117, 1684948268333953, 12093
118, 1684948268345953, 12000
119, 1684948268357953, 12000
120, 1684948268369950, 11997
121, 1684948268381832, 11882
122, 1684948268395429, 13597
123, 1684948268407602, 12173
124, 1684948268419776, 12174
125, 1684948268431948, 12172
126, 1684948268457951, 26003
127, 1684948268477977, 20026
128, 1684948268491178, 13201
129, 1684948268502520, 11342
130, 1684948268517951, 15431
131, 1684948268530639, 12688
132, 1684948268542688, 12049
133, 1684948268554960, 12272
134, 1684948268567166, 12206
135, 1684948268579860, 12694
136, 1684948268591402, 11542
137, 1684948268603900, 12498
138, 1684948268616193, 12293
139, 1684948268628485, 12292
140, 1684948268640430, 11945
141, 1684948268657599, 17169
142, 1684948268673952, 16353
143, 1684948268689950, 15998
144, 1684948268703140, 13190
145, 1684948268717970, 14830
146, 1684948268731199, 13229
147, 1684948268745951, 14752
148, 1684948268758232, 12281
149, 1684948268770148, 11916
150, 1684948268782051, 11903
151, 1684948268793950, 11899
152, 1684948268807088, 13138
153, 1684948268821949, 14861
154, 1684948268837951, 16002
155, 1684948268850637, 12686
156, 1684948268862852, 12215
157, 1684948268874932, 12080
158, 1684948268886997, 12065
159, 1684948268899058, 12061
160, 1684948268911141, 12083
161, 1684948268923219, 12078
162, 1684948268935283, 12064
163, 1684948268947359, 12076
164, 1684948268975189, 27830
165, 1684948268988133, 12944
166, 1684948269000755, 12622
167, 1684948269013953, 13198
168, 1684948269026174, 12221
169, 1684948269038501, 12327
170, 1684948269050724, 12223
171, 1684948269062596, 11872
172, 1684948269074471, 11875
173, 1684948269087281, 12810
174, 1684948269099476, 12195
175, 1684948269111523, 12047
176, 1684948269125952, 14429
177, 1684948269141973, 16021
178, 1684948269157952, 15979
179, 1684948269170156, 12204
180, 1684948269185983, 15827
181, 1684948269261954, 75971
182, 1684948269337952, 75998
183, 1684948269351591, 13639
184, 1684948269366247, 14656
185, 1684948269378461, 12214
186, 1684948269393952, 15491
187, 1684948269409953, 16001
188, 1684948269489969, 80016
189, 1684948269505479, 15510
190, 1684948269565973, 60494
191, 1684948269617955, 51982
192, 1684948269631877, 13922
193, 1684948269644220, 12343
194, 1684948269657952, 13732
195, 1684948269670156, 12204
196, 1684948269682820, 12664
197, 1684948269701982, 19162
198, 1684948269781951, 79969
199, 1684948269794310, 12359
