0, 1684948528444249, 1684948528444249
1, 1684948528459759, 15510
2, 1684948528472026, 12267
3, 1684948528485920, 13894
4, 1684948528506010, 20090
5, 1684948528521513, 15503
6, 1684948528537925, 16412
7, 1684948528557912, 19987
8, 1684948528577925, 20013
9, 1684948528597918, 19993
10, 1684948528617926, 20008
11, 1684948528633907, 15981
12, 1684948528649925, 16018
13, 1684948528669917, 19992
14, 1684948528689916, 19999
15, 1684948528709909, 19993
16, 1684948528729916, 20007
17, 1684948528753907, 23991
18, 1684948528773957, 20050
19, 1684948528789908, 15951
20, 1684948528805927, 16019
21, 1684948528821907, 15980
22, 1684948528833256, 11349
23, 1684948528849927, 16671
24, 1684948528863180, 13253
25, 1684948528874655, 11475
26, 1684948528907897, 33242
27, 1684948528920986, 13089
28, 1684948528933190, 12204
29, 1684948528953916, 20726
30, 1684948528973917, 20001
31, 1684948528993909, 19992
32, 1684948529007352, 13443
33, 1684948529018864, 11512
34, 1684948529040870, 22006
35, 1684948529061925, 21055
36, 1684948529081917, 19992
37, 1684948529101908, 19991
38, 1684948529118094, 16186
39, 1684948529145907, 27813
40, 1684948529165908, 20001
41, 1684948529181931, 16023
42, 1684948529197908, 15977
43, 1684948529213917, 16009
44, 1684948529233909, 19992
45, 1684948529253916, 20007
46, 1684948529277908, 23992
47, 1684948529290712, 12804
48, 1684948529302171, 11459
49, 1684948529321553, 19382
50, 1684948529341907, 20354
51, 1684948529355064, 13157
52, 1684948529373907, 18843
53, 1684948529397908, 24001
54, 1684948529421907, 23999
55, 1684948529441908, 20001
56, 1684948529457951, 16043
57, 1684948529477908, 19957
58, 1684948529491088, 13180
59, 1684948529502347, 11259
60, 1684948529521519, 19172
61, 1684948529534309, 12790
62, 1684948529554849, 20540
63, 1684948529570394, 15545
64, 1684948529581650, 11256
65, 1684948529594555, 12905
66, 1684948529605623, 11068
67, 1684948529635690, 30067
68, 1684948529657908, 22218
69, 1684948529670690, 12782
70, 1684948529689930, 19240
71, 1684948529713908, 23978
72, 1684948529733907, 19999
73, 1684948529757907, 24000
74, 1684948529781908, 24001
75, 1684948529801909, 20001
76, 1684948529817908, 15999
77, 1684948529837916, 20008
78, 1684948529857916, 20000
79, 1684948529885907, 27991
80, 1684948529905925, 20018
81, 1684948529929909, 23984
82, 1684948529949916, 20007
83, 1684948529973908, 23992
84, 1684948529989908, 16000
85, 1684948530001265, 11357
86, 1684948530013889, 12624
87, 1684948530028470, 14581
88, 1684948530041244, 12774
89, 1684948530055724, 14480
90, 1684948530068066, 12342
91, 1684948530085917, 17851
92, 1684948530105925, 20008
93, 1684948530120517, 14592
94, 1684948530133126, 12609
95, 1684948530145586, 12460
96, 1684948530158188, 12602
97, 1684948530175999, 17811
98, 1684948530188983, 12984
99, 1684948530205918, 16935
100, 1684948530225909, 19991
101, 1684948530245912, 20003
102, 1684948530261931, 16019
103, 1684948530285907, 23976
104, 1684948530306928, 21021
105, 1684948530320635, 13707
106, 1684948530352954, 32319
107, 1684948530369916, 16962
108, 1684948530389917, 20001
109, 1684948530405978, 16061
110, 1684948530425916, 19938
111, 1684948530445917, 20001
112, 1684948530465926, 20009
113, 1684948530479018, 13092
114, 1684948530490454, 11436
115, 1684948530513929, 23475
116, 1684948530541907, 27978
117, 1684948530561908, 20001
118, 1684948530577932, 16024
119, 1684948530613908, 35976
120, 1684948530627156, 13248
121, 1684948530638332, 11176
122, 1684948530657041, 18709
123, 1684948530669301, 12260
124, 1684948530682206, 12905
125, 1684948530701909, 19703
126, 1684948530714658, 12749
127, 1684948530727128, 12470
128, 1684948530753909, 26781
129, 1684948530773908, 19999
130, 1684948530789908, 16000
131, 1684948530801081, 11173
132, 1684948530821955, 20874
133, 1684948530834751, 12796
134, 1684948530847201, 12450
135, 1684948530866335, 19134
136, 1684948530877696, 11361
137, 1684948530897926, 20230
138, 1684948530910727, 12801
139, 1684948530923365, 12638
140, 1684948530934745, 11380
141, 1684948530957910, 23165
142, 1684948530973927, 16017
143, 1684948530997909, 23982
144, 1684948531017925, 20016
145, 1684948531041909, 23984
146, 1684948531085909, 44000
147, 1684948531105917, 20008
148, 1684948531129907, 23990
149, 1684948531149927, 20020
150, 1684948531163364, 13437
151, 1684948531175245, 11881
152, 1684948531193921, 18676
153, 1684948531209908, 15987
154, 1684948531229916, 20008
155, 1684948531253907, 23991
156, 1684948531277906, 23999
157, 1684948531297925, 20019
158, 1684948531321908, 23983
159, 1684948531341926, 20018
160, 1684948531365908, 23982
161, 1684948531385907, 19999
162, 1684948531398999, 13092
163, 1684948531410432, 11433
164, 1684948531429076, 18644
165, 1684948531441429, 12353
166, 1684948531457716, 16287
167, 1684948531470482, 12766
168, 1684948531485916, 15434
169, 1684948531499116, 13200
170, 1684948531513908, 14792
171, 1684948531533907, 19999
172, 1684948531553928, 20021
173, 1684948531573916, 19988
174, 1684948531593909, 19993
175, 1684948531613916, 20007
176, 1684948531629907, 15991
177, 1684948531645926, 16019
178, 1684948531665927, 20001
179, 1684948531679044, 13117
180, 1684948531690555, 11511
181, 1684948531713930, 23375
182, 1684948531737908, 23978
183, 1684948531765908, 28000
184, 1684948531778104, 12196
185, 1684948531789362, 11258
186, 1684948531829917, 40555
187, 1684948531845972, 16055
188, 1684948531865907, 19935
189, 1684948531885916, 20009
190, 1684948531909907, 23991
191, 1684948531925908, 16001
192, 1684948531937851, 11943
193, 1684948531957926, 20075
194, 1684948531981908, 23982
195, 1684948532001907, 19999
196, 1684948532015156, 13249
197, 1684948532026646, 11490
198, 1684948532045097, 18451
199, 1684948532061907, 16810
